0 0.126262626262626 0.143835616438356 0.112121212121212 0.410958904109589 0.139393939393939 0.446917808219178 0.219191919191919 0.434931506849315 0.224242424242424 0.13013698630137 0.183838383838384 0.13527397260274 0.174747474747475 0.11472602739726 0.166666666666667 0.11472602739726 0.158585858585859 0.142123287671233
0 0.292929292929293 0.11986301369863 0.284848484848485 0.434931506849315 0.38989898989899 0.429794520547945 0.383838383838384 0.10958904109589 0.343434343434343 0.116438356164384 0.335353535353535 0.101027397260274 0.326262626262626 0.101027397260274 0.316161616161616 0.11986301369863
0 0.44949494949495 0.107876712328767 0.451515151515151 0.429794520547945 0.54949494949495 0.424657534246575 0.543434343434343 0.107876712328767
0 0.609090909090909 0.106164383561644 0.616161616161616 0.422945205479452 0.702020202020202 0.421232876712329 0.718181818181818 0.376712328767123 0.706060606060606 0.10958904109589
0 0.824242424242424 0.0256849315068493 0.824242424242424 0.104452054794521 0.811111111111111 0.10958904109589 0.832323232323232 0.416095890410959 0.990909090909091 0.417808219178082 0.998989898989899 0.366438356164384 0.96969696969697 0.0273972602739726
0 0.00303030303030303 0.465753424657534 0.206060606060606 0.453767123287671 0.206060606060606 0.597602739726027 0.211111111111111 0.654109589041096 0.0616161616161616 0.662671232876712 0.0383838383838384 0.606164383561644 0.0494949494949495 0.554794520547945
0 0.244444444444444 0.452054794520548 0.248484848484848 0.595890410958904 0.248484848484848 0.643835616438356 0.298989898989899 0.64041095890411 0.302020202020202 0.616438356164384 0.409090909090909 0.60958904109589 0.405050505050505 0.587328767123288 0.602020202020202 0.582191780821918 0.6 0.429794520547945
0 0.304040404040404 0.845890410958904 0.412121212121212 0.844178082191781 0.412121212121212 0.804794520547945 0.468686868686869 0.804794520547945 0.578787878787879 0.804794520547945 0.572727272727273 0.590753424657534 0.411111111111111 0.587328767123288 0.416161616161616 0.61472602739726 0.306060606060606 0.61472602739726
0 0.131313131313131 0.796232876712329 0.247474747474747 0.791095890410959 0.236363636363636 0.76027397260274 0.236363636363636 0.652397260273973 0.0919191919191919 0.664383561643836
0 0.165656565656566 0.797945205479452 0.265656565656566 0.796232876712329 0.262626262626263 0.849315068493151 0.280808080808081 0.897260273972603 0.185858585858586 0.898972602739726 0.165656565656566 0.881849315068493
0 0.468686868686869 0.811643835616438 0.467676767676768 0.904109589041096 0.468686868686869 0.953767123287671 0.55959595959596 0.958904109589041 0.557575757575758 0.924657534246575 0.693939393939394 0.924657534246575 0.694949494949495 0.904109589041096 0.688888888888889 0.743150684931507 0.712121212121212 0.738013698630137 0.71010101010101 0.638698630136986 0.575757575757576 0.64041095890411 0.580808080808081 0.808219178082192
0 0.583838383838384 0.815068493150685 0.590909090909091 0.815068493150685 0.590909090909091 0.818493150684932 0.583838383838384 0.818493150684932
0 0.563636363636364 0.993150684931507 0.662626262626263 0.99486301369863 0.661616161616162 0.931506849315068 0.561616161616162 0.928082191780822