2 0.0263157894736842 0.190798376184032 0.105759682224429 0.170500676589986 0.109235352532274 0.196211096075778 0.110724925521351 0.265223274695535 0.0283018867924528 0.284167794316644
2 0.0163853028798411 0.288227334235453 0.0978152929493545 0.265223274695535 0.0978152929493545 0.273342354533153 0.114697120158888 0.269282814614344 0.120655412115194 0.387009472259811 0.022343594836147 0.422192151556157
2 0.015888778550149 0.430311231393775 0.102284011916584 0.39106901217862 0.101787487586892 0.399188092016238 0.12214498510427 0.392422192151556 0.130585898709037 0.566982408660352 0.0253227408142999 0.604871447902571
2 0.0233366434955313 0.614343707713126 0.131082423038729 0.566982408660352 0.148460774577954 0.952638700947226 0.0620655412115194 0.998646820027064 0.0471698113207547 0.997293640054127
2 0.416583912611718 0.0852503382949932 0.492552135054618 0.0663058186738836 0.494538232373386 0.0771312584573748 0.501489572989076 0.0825439783491204 0.503475670307845 0.151556156968877 0.456802383316783 0.173207036535859 0.44240317775571 0.161028416779432 0.427507447864945 0.165087956698241 0.427010923535253 0.105548037889039
2 0.366931479642503 0.186738836265223 0.443396226415094 0.161028416779432 0.461767626613704 0.170500676589986 0.464746772591857 0.274695534506089 0.37090367428004 0.299052774018945 0.371400198609732 0.216508795669824
2 0.295431976166832 0.320703653585927 0.37090367428004 0.297699594046008 0.387785501489573 0.294993234100135 0.409136047666336 0.319350473612991 0.410625620655412 0.451962110960758 0.300397219463754 0.495263870094723 0.300893743793446 0.361299052774019
2 0.684707050645482 0.342354533152909 0.762164846077458 0.309878213802436 0.768619662363456 0.317997293640054 0.77656405163853 0.311231393775372 0.78103277060576 0.324763193504736 0.788480635551142 0.326116373477673 0.79493545183714 0.346414073071719 0.780039721946375 0.683355886332882 0.70506454816286 0.721244925575102 0.689672293942403 0.706359945872801 0.674280039721946 0.687415426251692
2 0.973684210526316 0.27063599458728 0.944885799404171 0.286874154262517 0.936941410129096 0.378890392422192 0.916583912611718 0.388362652232747 0.908142999006951 0.522327469553451 0.923535253227408 0.54127198917456 0.923038728897716 0.557510148849797 0.966732869910626 0.537212449255751 0.980635551142006 0.282814614343708
2 0.981132075471698 0.112313937753721 0.923535253227408 0.132611637347767 0.922045680238332 0.151556156968877 0.938430983118173 0.173207036535859 0.938927507447865 0.224627875507442 0.948361469712016 0.228687415426252 0.946375372393247 0.284167794316644 0.999006951340616 0.258457374830853 0.998510427010924 0.132611637347767 0.982125124131082 0.136671177266576
2 0.835153922542205 0.0690121786197564 0.913604766633565 0.054127198917456 0.914101290963257 0.110960757780785 0.913108242303873 0.125845737483085 0.911122144985104 0.132611637347767 0.911122144985104 0.148849797023004 0.87785501489573 0.166441136671177 0.874379344587885 0.152909336941813 0.862462760675273 0.148849797023004 0.848063555114201 0.15426251691475 0.850546176762661 0.0933694181326116
2 0.768619662363456 0.0162381596752368 0.830685203574975 0.0040595399188092 0.841608738828203 0.0365358592692828 0.84111221449851 0.0635994587280108 0.783018867924528 0.0825439783491204 0.78103277060576 0.0392422192151556