2 0.157507082152975 0.000822368421052632 0.282152974504249 0.000822368421052632 0.282152974504249 0.196546052631579 0.156940509915014 0.201480263157895
2 0.376203966005666 0.00575657894736842 0.461189801699717 0.00411184210526316 0.463456090651558 0.186677631578947 0.374504249291785 0.185855263157895
2 0.491218130311615 0.00328947368421053 0.564872521246459 0.00493421052631579 0.564305949008499 0.173519736842105 0.488385269121813 0.171875
2 0.577337110481586 0.00493421052631579 0.646458923512748 0.00493421052631579 0.645325779036827 0.153782894736842 0.578470254957507 0.155427631578947
2 0.36657223796034 0.819078947368421 0.451558073654391 0.815789473684211 0.45042492917847 0.835526315789474 0.46742209631728 0.834703947368421 0.469121813031162 0.950657894736842 0.36657223796034 0.966282894736842
2 0.477620396600567 0.726973684210526 0.554674220963173 0.721217105263158 0.554674220963173 0.734375 0.5671388101983 0.734375 0.568838526912181 0.828125 0.476487252124646 0.833881578947368
0 0.568271954674221 0.652138157894737 0.639660056657224 0.651315789473684 0.637393767705382 0.727796052631579 0.568838526912181 0.734375
0 0.0906515580736544 0.669407894736842 0.164305949008499 0.670230263157895 0.164305949008499 0.756578947368421 0.132011331444759 0.757401315789474 0.131444759206799 0.749177631578947 0.0844192634560907 0.750822368421053
0 0.0458923512747875 0.752467105263158 0.13314447592068 0.748355263157895 0.13314447592068 0.756578947368421 0.165439093484419 0.756578947368421 0.16657223796034 0.852796052631579 0.0946175637393768 0.853618421052632 0.0946175637393768 0.842927631578947 0.0441926345609065 0.840460526315789
0 0.0113314447592068 0.842927631578947 0.0951841359773371 0.841282894736842 0.0951841359773371 0.852796052631579 0.115580736543909 0.853618421052632 0.113881019830028 0.957236842105263 0.00736543909348442 0.958881578947368
0 0.740509915014164 0.652138157894737 0.851558073654391 0.648848684210526 0.858923512747875 0.654605263157895 0.859490084985836 0.715460526315789 0.768838526912181 0.723684210526316 0.767705382436261 0.713815789473684
0 0.897450424929178 0.716282894736842 0.908781869688385 0.726973684210526 0.911048158640227 0.785361842105263 0.806232294617564 0.788651315789474 0.771671388101983 0.726151315789474
0 0.957507082152975 0.797697368421053 0.973937677053824 0.815789473684211 0.978470254957507 0.886513157894737 0.862322946175637 0.893914473684211 0.825495750708215 0.823190789473684 0.814164305949008 0.822368421052632 0.813031161473088 0.806743421052632
0 0.872521246458923 0.911184210526316 0.945042492917847 0.911184210526316 0.946175637393768 0.922697368421053 0.954674220963173 0.920230263157895 0.954674220963173 0.912006578947368 0.997733711048159 0.912006578947368 0.998866855524079 0.996710526315789 0.871954674220963 0.997532894736842 0.874787535410765 0.918585526315789