0 0.441410129096326 0.329849012775842 0.434458788480636 0.277584204413473 0.433962264150943 0.239256678281069 0.437437934458788 0.21602787456446 0.446871896722939 0.197444831591173 0.460278053624628 0.192799070847851 0.472691161866932 0.192799070847851 0.482125124131082 0.206736353077816 0.484607745779543 0.232288037166086 0.482125124131082 0.295005807200929 0.483118172790467 0.315911730545877 0.484607745779543 0.365853658536585 0.481132075471698 0.479674796747968 0.470208540218471 0.488966318234611 0.454319761668322 0.488966318234611 0.440913604766634 0.476190476190476 0.434458788480636 0.443670150987224 0.432472691161867 0.40534262485482 0.431479642502483 0.365853658536585 0.436444885799404 0.337979094076655
0 0.0764647467725919 0.758420441347271 0.0660377358490566 0.713124274099884 0.0620655412115194 0.684088269454123 0.0590863952333664 0.655052264808362 0.0620655412115194 0.628339140534263 0.0710029791459782 0.612078977932637 0.110228401191658 0.59349593495935 0.119662363455809 0.598141695702671 0.124131082423039 0.616724738675958 0.127110228401192 0.650406504065041 0.12909632571996 0.689895470383275 0.128103277060576 0.717770034843206 0.132075471698113 0.745644599303136 0.138033763654419 0.764227642276423 0.144488579940417 0.775842044134727 0.153922542204568 0.888501742160279 0.148460774577954 0.91869918699187 0.135551142005958 0.938443670150987 0.112214498510427 0.953542392566783 0.0973187686196624 0.952380952380952 0.0814299900695134 0.921022067363531 0.0680238331678252 0.807200929152149 0.0719960278053625 0.770034843205575
0 0.155908639523337 0.723577235772358 0.146971201588878 0.688734030197445 0.135054617676266 0.626016260162602 0.136544190665343 0.596980255516841 0.142502482621648 0.577235772357724 0.163853028798411 0.559814169570267 0.186196623634558 0.557491289198606 0.196127110228401 0.564459930313589 0.200595829195631 0.59465737514518 0.203078450844091 0.629500580720093 0.203078450844091 0.678281068524971 0.204568023833168 0.688734030197445 0.209036742800397 0.699186991869919 0.210526315789474 0.716608594657375 0.219463753723932 0.735191637630662 0.228401191658391 0.83623693379791 0.227408142999007 0.86527293844367 0.219960278053625 0.887340301974448 0.207050645481629 0.904761904761905 0.190665342601787 0.911730545876887 0.175769612711023 0.910569105691057 0.163356504468719 0.901277584204414 0.155908639523337 0.886178861788618 0.145978152929494 0.781649245063879 0.14746772591857 0.752613240418119 0.150943396226415 0.73054587688734
0 0.231380337636544 0.736353077816492 0.226415094339623 0.691056910569106 0.227904667328699 0.684088269454123 0.220456802383317 0.662020905923345 0.214001986097319 0.636469221835075 0.210526315789474 0.599303135888502 0.210029791459782 0.559814169570267 0.217477656405164 0.536585365853659 0.253723932472691 0.51451800232288 0.264150943396226 0.520325203252033 0.270109235352532 0.54123112659698 0.273584905660377 0.588850174216028 0.275074478649454 0.619047619047619 0.273088381330685 0.645760743321719 0.277557100297915 0.664343786295006 0.27408142999007 0.70267131242741 0.282025819265144 0.736353077816492 0.289970208540218 0.746806039488966 0.294438927507448 0.771196283391405 0.295928500496524 0.874564459930314 0.290466732869911 0.901277584204414 0.277557100297915 0.915214866434379 0.261171797418074 0.921022067363531 0.24428997020854 0.91869918699187 0.232869910625621 0.907084785133566 0.224428997020854 0.779326364692218 0.228897715988083 0.759581881533101
0 0.497517378351539 0.535423925667828 0.491559086395233 0.508710801393728 0.488083416087388 0.483159117305459 0.48857994041708 0.443670150987224 0.492055610724926 0.420441347270616 0.498013902681231 0.401858304297329 0.523833167825223 0.383275261324042 0.541211519364449 0.394889663182346 0.539721946375372 0.508710801393728 0.543197616683218 0.528455284552846 0.542701092353525 0.545876887340302 0.54369414101291 0.562137049941928 0.548162859980139 0.578397212543554 0.545680238331678 0.67595818815331 0.542701092353525 0.695702671312427 0.533267130089374 0.718931475029036 0.521847070506455 0.73054587688734 0.50695134061569 0.72938443670151 0.492055610724926 0.716608594657375 0.485600794438928 0.694541231126597 0.480139026812314 0.670150987224158 0.48162859980139 0.59349593495935 0.485600794438928 0.56794425087108 0.492055610724926 0.550522648083624
0 0.556603773584906 0.505226480836237 0.552631578947368 0.464576074332172 0.549155908639523 0.434378629500581 0.552631578947368 0.399535423925668 0.560079443892751 0.380952380952381 0.573982125124131 0.364692218350755 0.588877855014896 0.356562137049942 0.602284011916584 0.373983739837398 0.598808341608739 0.478513356562137 0.601787487586892 0.490127758420441 0.6012909632572 0.51335656213705 0.607249255213505 0.528455284552846 0.60824230387289 0.562137049941928 0.6012909632572 0.645760743321719 0.594836146971202 0.663182346109175 0.583912611717974 0.67595818815331 0.573485600794439 0.682926829268293 0.561569016881827 0.678281068524971 0.546176762661371 0.651567944250871 0.548162859980139 0.578397212543554 0.544190665342602 0.562137049941928 0.54369414101291 0.544715447154472 0.546176762661371 0.527293844367015 0.5506454816286 0.51335656213705
0 0.614697120158888 0.473867595818815 0.607745779543198 0.423925667828107 0.606752730883813 0.397212543554007 0.608738828202582 0.365853658536585 0.615690168818272 0.344947735191638 0.624131082423039 0.332171893147503 0.643495531281033 0.326364692218351 0.650446871896723 0.339140534262485 0.652432969215492 0.363530778164925 0.652929493545184 0.383275261324042 0.656405163853029 0.399535423925668 0.655908639523337 0.413472706155633 0.655412115193645 0.429732868757259 0.652929493545184 0.450638792102207 0.65888778550149 0.461091753774681 0.656405163853029 0.478513356562137 0.660873882820258 0.492450638792102 0.662859980139027 0.519163763066202 0.653426017874876 0.606271777003484 0.648460774577954 0.624854819976771 0.639026812313803 0.638792102206736 0.628599801390268 0.642276422764228 0.616186693147964 0.639953542392567 0.60377358490566 0.62137049941928 0.609235352532274 0.563298490127758 0.607249255213505 0.529616724738676 0.602780536246276 0.509872241579559 0.605263157894737 0.48780487804878
0 0.807348560079444 0.170731707317073 0.80188679245283 0.144018583042973 0.799404170804369 0.113821138211382 0.802383316782522 0.0847851335656214 0.810824230387289 0.0685249709639954 0.820754716981132 0.0592334494773519 0.832671300893744 0.0603948896631824 0.845084409136048 0.0813008130081301 0.815292949354518 0.313588850174216 0.803376365441907 0.312427409988386 0.795431976166832 0.299651567944251 0.799404170804369 0.24390243902439 0.798411122144985 0.225319396051103 0.796425024826216 0.206736353077816 0.796425024826216 0.18931475029036 0.801390268123138 0.169570267131243
0 0.758689175769613 0.193960511033682 0.752730883813307 0.156794425087108 0.753227408142999 0.125435540069686 0.75571002979146 0.1068524970964 0.76266137040715 0.0871080139372822 0.770605759682224 0.0731707317073171 0.785998013902681 0.0754936120789779 0.793942403177756 0.0894308943089431 0.798411122144985 0.10801393728223 0.798907646474677 0.137049941927991 0.791956305858987 0.153310104529617 0.789970208540218 0.16260162601626 0.793942403177756 0.182346109175377 0.796425024826216 0.209059233449477 0.798411122144985 0.225319396051103 0.799404170804369 0.246225319396051 0.789970208540218 0.337979094076655 0.779543197616683 0.35191637630662 0.768123138033764 0.357723577235772 0.756206554121152 0.355400696864112 0.742800397219464 0.342624854819977 0.73733862959285 0.328687572590012 0.734359483614697 0.300813008130081 0.741807348560079 0.227642276422764 0.747765640516385 0.203252032520325
0 0.927010923535253 0.322880371660859 0.9240317775571 0.291521486643438 0.92154915590864 0.267131242740999 0.92154915590864 0.239256678281069 0.927507447864945 0.21486643437863 0.934955312810328 0.198606271777003 0.962760675273088 0.191637630662021 0.967229394240318 0.206736353077816 0.966236345580934 0.233449477351916 0.964746772591857 0.254355400696864 0.968222442899702 0.271777003484321 0.965739821251241 0.288037166085947 0.961271102284012 0.290360046457607 0.960278053624628 0.307781649245064 0.963257199602781 0.319396051103368 0.965243296921549 0.341463414634146 0.969712015888779 0.361207897793264 0.954319761668322 0.45876887340302 0.946375372393247 0.471544715447154 0.934955312810328 0.476190476190476 0.922542204568024 0.472706155632985 0.915590863952334 0.463414634146341 0.929990069513406 0.375145180023229 0.92850049652433 0.358885017421603 0.920059582919563 0.343786295005807 0.922542204568024 0.332171893147503
0 0.882820258192652 0.341463414634146 0.876365441906653 0.318234610917538 0.875372393247269 0.289198606271777 0.881827209533267 0.229965156794425 0.911618669314796 0.210220673635308 0.915094339622642 0.224157955865273 0.914101290963257 0.24274099883856 0.918073485600794 0.254355400696864 0.918073485600794 0.267131242740999 0.923535253227408 0.284552845528455 0.921052631578947 0.304297328687573 0.916087388282026 0.308943089430894 0.916087388282026 0.328687572590012 0.92154915590864 0.35191637630662 0.92850049652433 0.356562137049942 0.930486593843098 0.376306620209059 0.912115193644489 0.488966318234611 0.902184707050646 0.501742160278746 0.88927507447865 0.506387921022067 0.874875868917577 0.505226480836237 0.870407149950348 0.490127758420441 0.881330685203575 0.434378629500581 0.880337636544191 0.413472706155633 0.875868917576961 0.394889663182346 0.874875868917577 0.373983739837398 0.880834160873883 0.360046457607433
0 0.834657398212512 0.362369337979094 0.834657398212512 0.346109175377468 0.828699106256207 0.333333333333333 0.826216484607746 0.311265969802555 0.82720953326713 0.284552845528455 0.83167825223436 0.262485481997677 0.835153922542205 0.247386759581882 0.860973187686197 0.231126596980256 0.869414101290963 0.240418118466899 0.872889771598808 0.252032520325203 0.872393247269116 0.26945412311266 0.874379344587885 0.289198606271777 0.871400198609732 0.29616724738676 0.873882820258193 0.313588850174216 0.872889771598808 0.32404181184669 0.867428003972195 0.332171893147503 0.867428003972195 0.341463414634146 0.874379344587885 0.349593495934959 0.87785501489573 0.357723577235772 0.87785501489573 0.370499419279907 0.875372393247269 0.376306620209059 0.877358490566038 0.394889663182346 0.881827209533267 0.414634146341463 0.881330685203575 0.436701509872242 0.863455809334657 0.529616724738676 0.856504468718967 0.538908246225319 0.843594836146971 0.54123112659698 0.828699106256207 0.535423925667828 0.813803376365442 0.521486643437863 0.805362462760675 0.504065040650407 0.818272095332671 0.390243902439024 0.825223435948362 0.372822299651568
