0 0.358503881439661 0.427631578947368 0.356386732533522 0.407894736842105 0.345800988002823 0.389802631578947 0.336626676076217 0.388157894736842 0.326746647847565 0.392269736842105 0.322512350035286 0.404605263157895 0.307692307692308 0.412006578947368 0.307692307692308 0.422697368421053 0.279463655610445 0.438322368421053 0.284403669724771 0.456414473684211 0.31757233592096 0.439967105263158 0.308398023994354 0.450657894736842 0.302752293577982 0.464638157894737 0.294283697953423 0.472861842105263 0.292166549047283 0.489309210526316 0.297812279463656 0.5 0.309103740296401 0.5625 0.328863796753705 0.569901315789474 0.352858151023289 0.529605263157895 0.323218066337332 0.545230263157895 0.318983768525053 0.540296052631579 0.316866619618913 0.528782894736842 0.322512350035286 0.524671052631579 0.345095271700776 0.512335526315789 0.345095271700776 0.5 0.358503881439661 0.493421052631579 0.358503881439661 0.479440789473684 0.353563867325335 0.465460526315789 0.301340860973889 0.48766447368421 0.297106563161609 0.482730263157895 0.299929428369795 0.474506578947368 0.347212420606916 0.447368421052632 0.345800988002823 0.441611842105263
0 0.39378969654199 0.479440789473684 0.381086803105152 0.476973684210526 0.372618207480593 0.479440789473684 0.359209597741708 0.486842105263158 0.359209597741708 0.492598684210526 0.345800988002823 0.502467105263158 0.347918136908963 0.512335526315789 0.318278052223006 0.527138157894737 0.316866619618913 0.537006578947368 0.324629498941426 0.544407894736842 0.354975299929428 0.529605263157895 0.335215243472124 0.561677631578947 0.333803810868031 0.575657894736842 0.334509527170078 0.600328947368421 0.335920959774171 0.618421052631579 0.343683839096683 0.626644736842105 0.352858151023289 0.634868421052632 0.362032462949894 0.636513157894737 0.39167254763585 0.616776315789474 0.390966831333804 0.606085526315789 0.400141143260409 0.597861842105263 0.401552575864502 0.578125 0.39378969654199 0.578125 0.348623853211009 0.599506578947368 0.340860973888497 0.596217105263158 0.338038108680311 0.591282894736842 0.34015525758645 0.580592105263158 0.39167254763585 0.551809210526316 0.389555398729711 0.544407894736842 0.39378969654199 0.534539473684211 0.400141143260409 0.528782894736842 0.404375441072689 0.517269736842105 0.404375441072689 0.503289473684211 0.402964008468596 0.493421052631579
0 0.432604093154552 0.575657894736842 0.408609738884968 0.587993421052632 0.407904022582922 0.594572368421053 0.39167254763585 0.607730263157895 0.393083980239944 0.616776315789474 0.365561044460127 0.634868421052632 0.364149611856034 0.643914473684211 0.36908962597036 0.650493421052632 0.374735356386733 0.653782894736842 0.402964008468596 0.638980263157895 0.389555398729711 0.654605263157895 0.384615384615385 0.676809210526316 0.384615384615385 0.692434210526316 0.455892731122089 0.654605263157895 0.453069865913903 0.616776315789474 0.448129851799577 0.600328947368421
0 0.155963302752294 0.475328947368421 0.168666196189132 0.469572368421053 0.170783345095272 0.474506578947368 0.184897671136203 0.472039473684211 0.194071983062809 0.481085526315789 0.196894848270995 0.493421052631579 0.211714890613973 0.499177631578947 0.225123500352858 0.509046052631579 0.231474947071277 0.519736842105263 0.241354975299929 0.545230263157895 0.243472124206069 0.561677631578947 0.250529287226535 0.583881578947368 0.251235003528582 0.592927631578947 0.225829216654905 0.578947368421053 0.218772053634439 0.566611842105263 0.199011997177135 0.567434210526316 0.201834862385321 0.560032894736842 0.204657727593507 0.552631578947368 0.213126323218066 0.541118421052632 0.216654904728299 0.535361842105263 0.217360621030346 0.522203947368421 0.213126323218066 0.513980263157895 0.205363443895554 0.507401315789474 0.198306280875088 0.505756578947368 0.179251940719831 0.519736842105263 0.168666196189132 0.518914473684211
0 0.187014820042343 0.573190789473684 0.203952011291461 0.567434210526316 0.20818630910374 0.572368421052632 0.215243472124206 0.567434210526316 0.227946365561044 0.586348684210526 0.244177840508116 0.591282894736842 0.254057868736768 0.597861842105263 0.263232180663373 0.608552631578947 0.273817925194072 0.623355263157895 0.278757939308398 0.638980263157895 0.277346506704305 0.654605263157895 0.282992237120678 0.665296052631579 0.28652081863091 0.67516447368421 0.266760762173606 0.689144736842105 0.256175017642908 0.674342105263158 0.244883556810162 0.678453947368421 0.23712067748765 0.677631578947368 0.235709244883557 0.671052631578947 0.244177840508116 0.666940789473684 0.242060691601976 0.65625 0.23923782639379 0.648026315789474 0.234297812279464 0.637335526315789 0.223712067748765 0.641447368421053 0.216654904728299 0.629934210526316 0.218066337332392 0.621710526315789 0.206774876499647 0.624177631578947 0.194777699364855 0.600328947368421
0 0.199717713479181 0.696546052631579 0.186309103740296 0.701480263157895 0.188426252646436 0.708881578947368 0.172900494001411 0.717105263157895 0.175723359209598 0.726151315789474 0.139026111503176 0.746710526315789 0.142554693013409 0.763157894736842 0.148200423429781 0.768092105263158 0.167960479887085 0.759046052631579 0.165137614678899 0.774671052631579 0.165137614678899 0.788651315789474 0.171489061397318 0.806743421052632 0.227946365561044 0.778782894736842
0 0.544812985179958 0.333059210526316 0.541990119971771 0.319078947368421 0.533521524347212 0.307565789473684 0.527170077628793 0.309210526315789 0.517290049400141 0.295230263157895 0.505998588567396 0.291118421052632 0.501764290755116 0.317434210526316 0.494707127734651 0.323190789473684 0.491884262526464 0.332236842105263 0.465772759350741 0.351151315789474 0.469301340860974 0.363486842105263 0.4742413549753 0.369243421052632 0.501764290755116 0.350328947368421 0.489767113620325 0.362664473684211 0.484827099505999 0.374177631578947 0.482004234297812 0.392269736842105 0.482004234297812 0.422697368421053 0.484121383203952 0.446546052631579 0.497529992942837 0.453125 0.508821453775582 0.452302631578947 0.521524347212421 0.446546052631579 0.513761467889908 0.438322368421053 0.513761467889908 0.428453947368421 0.537050105857445 0.416118421052632 0.534932956951306 0.389802631578947 0.537050105857445 0.378289473684211 0.507410021171489 0.388980263157895 0.500352858151023 0.382401315789474 0.49894142554693 0.373355263157895 0.545518701482004 0.350328947368421
0 0.60409315455187 0.387335526315789 0.599858856739591 0.378289473684211 0.587155963302752 0.382401315789474 0.580098800282287 0.373355263157895 0.561044460127029 0.375822368421053 0.557515878616796 0.384868421052632 0.553281580804517 0.389802631578947 0.55257586450247 0.396381578947368 0.540578687367678 0.404605263157895 0.539872971065632 0.414473684210526 0.516584333098095 0.427631578947368 0.514467184191955 0.436677631578947 0.520818630910374 0.444901315789474 0.536344389555399 0.438322368421053 0.522230063514467 0.451480263157895 0.516584333098095 0.461348684210526 0.518701482004234 0.514802631578947 0.527170077628793 0.525493421052632 0.543401552575865 0.527960526315789 0.558221594918843 0.528782894736842 0.567395906845448 0.523848684210526 0.594918842625265 0.509046052631579 0.596330275229358 0.471217105263158 0.562455892731122 0.486842105263158 0.555398729710656 0.481907894736842 0.553281580804517 0.473684210526316 0.55469301340861 0.461348684210526 0.60197600564573 0.438322368421053 0.601270289343684 0.425164473684211 0.602681721947777 0.419407894736842 0.613973182780522 0.408717105263158 0.616090331686662 0.399671052631579 0.615384615384615 0.387335526315789 0.611150317572336 0.382401315789474
0 0.648553281580805 0.465460526315789 0.638673253352153 0.472039473684211 0.629498941425547 0.462171052631579 0.621030345800988 0.467105263157895 0.609738884968243 0.461348684210526 0.605504587155963 0.463815789473684 0.604798870853917 0.486019736842105 0.596330275229358 0.495065789473684 0.595624558927311 0.507401315789474 0.569513055751588 0.523026315789474 0.567395906845448 0.532894736842105 0.573041637261821 0.541118421052632 0.592095977417078 0.532894736842105 0.580804516584333 0.545230263157895 0.576570218772054 0.559210526315789 0.57515878616796 0.583059210526316 0.664784756527876 0.538651315789474 0.663373323923783 0.523026315789474 0.654904728299224 0.518092105263158 0.65561044460127 0.513157894736842 0.664784756527876 0.506578947368421 0.667607621736062 0.486842105263158 0.665490472829922 0.473684210526316
0 0.835568101623148 0.378289473684211 0.824982357092449 0.368421052631579 0.817925194071983 0.370065789473684 0.811573747353564 0.366776315789474 0.803105151729005 0.367598684210526 0.79181369089626 0.361019736842105 0.781933662667608 0.366776315789474 0.781227946365561 0.384868421052632 0.774876499647142 0.395559210526316 0.774170783345095 0.405427631578947 0.742413549752999 0.425986842105263 0.74029640084686 0.439144736842105 0.748059280169372 0.445723684210526 0.760056457304164 0.439967105263158 0.755116443189838 0.467927631578947 0.757939308398024 0.484375 0.8454481298518 0.439144736842105 0.844742413549753 0.420230263157895 0.844742413549753 0.398848684210526
