0 0.0332671300893744 0.214771622934888 0.0397219463753724 0.207968901846453 0.0526315789473684 0.202137998056365 0.0700099304865938 0.194363459669582 0.0789473684210526 0.19533527696793 0.0854021847070506 0.209912536443149 0.08987090367428 0.30709426627794 0.0923535253227408 0.317784256559767 0.0968222442899702 0.32069970845481 0.104766633565045 0.32555879494655 0.101787487586892 0.449951409135083 0.0978152929493545 0.468415937803693 0.0883813306852036 0.480077745383868 0.0700099304865938 0.47910592808552 0.054617676266137 0.476190476190476 0.0367428003972195 0.464528668610301 0.0397219463753724 0.349854227405248 0.0471698113207547 0.334305150631681 0.0431976166832175 0.315840621963071 0.0382323733862959 0.299319727891156
0 0.190168818272095 0.24198250728863 0.199602780536246 0.231292517006803 0.211022840119166 0.220602526724976 0.219960278053625 0.217687074829932 0.228401191658391 0.217687074829932 0.236842105263158 0.224489795918367 0.241310824230387 0.3022351797862 0.23733862959285 0.312925170068027 0.242303872889772 0.334305150631681 0.247269116186693 0.346938775510204 0.252730883813307 0.361516034985423 0.258192651439921 0.462585034013605 0.251737835153923 0.477162293488824 0.238828202581926 0.485908649173955 0.221449851042701 0.483965014577259 0.215491559086395 0.41399416909621 0.209036742800397 0.391642371234208 0.202581926514399 0.382896015549077 0.20506454816286 0.365403304178814 0.200099304865938 0.354713313896987 0.195134061569017 0.342079689018465
0 0.130089374379345 0.310981535471331 0.132571996027805 0.279883381924198 0.141012909632572 0.271137026239067 0.15441906653426 0.256559766763848 0.166832174776564 0.253644314868805 0.175769612711023 0.256559766763848 0.181727904667329 0.262390670553936 0.184707050645482 0.284742468415938 0.18669314796425 0.311953352769679 0.185203574975174 0.331389698736637 0.183217477656405 0.346938775510204 0.187189672293942 0.36734693877551 0.193147964250248 0.379980563654033 0.200595829195631 0.380952380952381 0.211519364448858 0.392614188532556 0.215988083416087 0.408163265306122 0.221449851042701 0.512147716229349 0.216981132075472 0.527696793002916 0.207050645481629 0.54421768707483 0.196127110228401 0.550048590864917 0.17974180734856 0.551992225461613 0.16583912611718 0.546161321671526 0.152432969215492 0.531584062196307 0.148957298907646 0.436345966958212 0.151439920556107 0.413022351797862 0.14051638530288 0.392614188532556 0.137537239324727 0.377065111758989
0 0.270605759682224 0.321671525753158 0.283018867924528 0.310981535471331 0.293445878848064 0.304178814382896 0.30188679245283 0.298347910592809 0.309831181727905 0.296404275996113 0.317279046673287 0.306122448979592 0.319265143992056 0.354713313896987 0.324726911618669 0.369290573372206 0.327706057596822 0.378036929057337 0.326713008937438 0.39067055393586 0.325223435948361 0.399416909620991 0.321747765640516 0.413022351797862 0.321747765640516 0.426627793974733 0.323733862959285 0.438289601554908 0.329195630585899 0.450923226433431 0.333664349553128 0.45578231292517 0.343594836146971 0.459669582118562 0.348560079443893 0.463556851311953 0.355014895729891 0.580174927113703 0.350049652432969 0.605442176870748 0.344091360476663 0.62779397473275 0.327706057596822 0.639455782312925 0.314299900695134 0.642371234207969 0.300893743793446 0.638483965014577 0.290963257199603 0.633624878522838 0.286494538232373 0.617103984450923 0.283018867924528 0.487852283770651 0.284508440913605 0.480077745383868 0.278550148957299 0.464528668610301 0.272591857000993 0.448007774538387
0 0.327706057596822 0.289601554907677 0.358490566037736 0.273080660835763 0.365441906653426 0.272108843537415 0.371400198609732 0.279883381924198 0.375372393247269 0.293488824101069 0.375868917576961 0.317784256559767 0.381330685203575 0.328474246841594 0.381827209533267 0.360544217687075 0.376365441906653 0.366375121477162 0.376365441906653 0.378036929057337 0.377358490566038 0.391642371234208 0.382820258192651 0.405247813411079 0.390764647467726 0.415937803692906 0.397715988083416 0.427599611273081 0.392750744786495 0.441205053449951 0.39622641509434 0.564625850340136 0.385799404170804 0.572400388726919 0.369910625620655 0.579203109815355 0.354021847070506 0.578231292517007 0.349056603773585 0.461613216715258 0.344091360476663 0.459669582118562 0.33862959285005 0.440233236151603 0.34111221449851 0.431486880466472 0.329692154915591 0.402332361516035
0 0.531281032770606 0.304178814382896 0.537735849056604 0.291545189504373 0.548659384309831 0.284742468415938 0.55759682224429 0.280855199222546 0.566534260178749 0.280855199222546 0.571996027805362 0.290573372206025 0.572989076464747 0.332361516034985 0.5759682224429 0.34402332361516 0.582423038728898 0.353741496598639 0.58291956305859 0.373177842565598 0.579443892750745 0.379008746355685 0.569513406156902 0.379008746355685 0.570506454816286 0.393586005830904 0.574478649453823 0.413022351797862 0.580436941410129 0.431486880466472 0.583416087388282 0.454810495626822 0.581429990069513 0.528668610301263 0.580933465739821 0.553935860058309 0.583416087388282 0.577259475218659 0.581926514399206 0.600583090379009 0.568023833167825 0.608357628765792 0.550148957298908 0.602526724975705 0.552631578947368 0.50242954324587 0.549652432969216 0.486880466472303 0.536246276067527 0.47910592808552 0.537735849056604 0.436345966958212 0.533267130089374 0.427599611273081 0.535749751737835 0.410106899902818 0.533763654419066 0.399416909620991
0 0.479145978152929 0.360544217687075 0.483614697120159 0.347910592808552 0.511916583912612 0.327502429543246 0.517874875868918 0.336248785228377 0.51837140019861 0.37220602526725 0.521847070506455 0.384839650145773 0.521350546176763 0.392614188532556 0.534260178748759 0.403304178814383 0.534260178748759 0.416909620991254 0.532770605759682 0.425655976676385 0.528798411122145 0.430515063168124 0.524329692154916 0.435374149659864 0.523336643495531 0.445092322643343 0.531777557100298 0.480077745383868 0.546673286991063 0.484936831875607 0.552631578947368 0.500485908649174 0.548659384309831 0.613216715257532 0.541211519364449 0.655004859086492 0.533267130089374 0.672497570456754 0.505461767626614 0.673469387755102 0.505461767626614 0.569484936831876 0.503475670307845 0.563654033041788 0.503475670307845 0.547133138969874 0.487586891757696 0.535471331389699 0.48609731876862 0.513119533527697 0.489076464746773 0.499514091350826 0.482125124131082 0.484936831875607 0.483614697120159 0.467444120505345 0.484607745779543 0.462585034013605 0.482125124131082 0.448979591836735 0.479642502482622 0.443148688046647
0 0.418570009930487 0.435374149659864 0.418073485600794 0.405247813411079 0.461767626613704 0.364431486880466 0.472194637537239 0.382896015549077 0.476166832174777 0.392614188532556 0.478649453823237 0.40913508260447 0.479145978152929 0.442176870748299 0.484111221449851 0.454810495626822 0.483118172790467 0.468415937803693 0.480635551142006 0.481049562682216 0.474180734856008 0.486880466472303 0.473684210526316 0.500485908649174 0.475173783515392 0.515063168124393 0.479145978152929 0.528668610301263 0.484111221449851 0.533527696793003 0.503475670307845 0.547133138969874 0.505958291956306 0.561710398445092 0.503475670307845 0.687074829931973 0.500496524329692 0.713313896987366 0.493545183714002 0.731778425655977 0.485600794438928 0.742468415937804 0.441906653426018 0.738581146744412 0.433465739821251 0.723032069970845 0.429990069513406 0.711370262390671 0.434458788480636 0.579203109815355 0.434458788480636 0.561710398445092 0.419066534260179 0.521865889212828
0 0.716981132075472 0.398445092322643 0.743793445878848 0.370262390670554 0.751737835153923 0.379008746355685 0.752234359483615 0.399416909620991 0.759185700099305 0.406219630709427 0.76266137040715 0.41399416909621 0.761668321747766 0.426627793974733 0.773088381330685 0.436345966958212 0.776067527308838 0.449951409135083 0.775074478649454 0.466472303206997 0.768619662363456 0.469387755102041 0.758689175769613 0.467444120505345 0.754220456802383 0.47424684159378 0.751737835153923 0.483965014577259 0.753227408142999 0.499514091350826 0.759682224428997 0.514091350826045 0.768123138033764 0.521865889212828 0.778550148957299 0.524781341107872 0.784011916583913 0.530612244897959 0.790466732869911 0.550048590864917 0.786991062562066 0.694849368318756 0.777557100297915 0.714285714285714 0.766137040714995 0.717201166180758 0.756206554121152 0.715257531584062 0.750744786494538 0.710398445092323 0.750248262164846 0.603498542274052 0.744786494538232 0.587949465500486 0.739821251241311 0.580174927113703 0.733862959285005 0.577259475218659 0.722939424031777 0.574344023323615 0.724925521350546 0.551992225461613 0.716484607745779 0.532555879494655 0.723932472691162 0.527696793002916 0.728401191658391 0.524781341107872 0.732869910625621 0.516034985422741 0.734856007944389 0.499514091350826 0.730883813306852 0.488824101068999 0.722442899702085 0.483965014577259 0.721449851042701 0.461613216715258 0.717477656405164 0.452866861030126
0 0.663853028798411 0.448979591836735 0.690168818272095 0.419825072886297 0.700099304865938 0.422740524781341 0.702085402184707 0.453838678328474 0.718470705064548 0.463556851311953 0.71896722939424 0.483965014577259 0.732869910625621 0.491739552964043 0.733862959285005 0.50242954324587 0.733366434955313 0.514091350826045 0.727408142999007 0.522837706511176 0.71896722939424 0.523809523809524 0.71201588877855 0.527696793002916 0.709036742800397 0.537414965986394 0.71201588877855 0.551992225461613 0.716484607745779 0.569484936831876 0.721946375372393 0.578231292517007 0.732869910625621 0.578231292517007 0.740317775571003 0.582118561710398 0.746276067527309 0.592808551992225 0.750744786494538 0.607385811467444 0.747765640516385 0.754130223517979 0.741310824230387 0.771622934888241 0.734856007944389 0.784256559766764 0.724428997020854 0.784256559766764 0.710029791459782 0.782312925170068 0.703574975173783 0.777453838678329 0.705561072492552 0.646258503401361 0.701588877855015 0.63265306122449 0.694141012909632 0.622934888241011 0.68669314796425 0.61418853255588 0.671797418073486 0.584062196307094 0.678748758689176 0.580174927113703 0.684210526315789 0.576287657920311 0.688182720953327 0.565597667638484 0.690665342601787 0.551992225461613 0.688679245283019 0.540330417881438 0.673783515392254 0.530612244897959 0.674776564051638 0.517978620019436 0.673783515392254 0.508260447035957 0.671300893743793 0.482021379980564
0 0.619662363455809 0.507288629737609 0.621648460774578 0.475218658892128 0.62909632571996 0.46064139941691 0.636544190665343 0.452866861030126 0.645978152929494 0.447035957240039 0.655908639523337 0.446064139941691 0.665342601787488 0.452866861030126 0.671300893743793 0.482021379980564 0.669314796425025 0.50242954324587 0.674280039721946 0.510204081632653 0.673286991062562 0.529640427599611 0.688679245283019 0.541302235179786 0.690665342601787 0.551020408163265 0.689672293942403 0.566569484936832 0.684210526315789 0.577259475218659 0.678252234359484 0.580174927113703 0.668818272095333 0.576287657920311 0.670307845084409 0.589893100097182 0.674776564051638 0.603498542274052 0.683714001986097 0.616132167152575 0.702085402184707 0.63265306122449 0.706554121151936 0.650145772594752 0.700099304865938 0.811467444120505 0.69364448857994 0.818270165208941 0.674280039721946 0.826044703595724 0.656405163853029 0.826044703595724 0.641012909632572 0.82312925170068 0.627606752730884 0.806608357628766 0.631082423038729 0.654033041788144 0.634558093346574 0.647230320699708 0.628599801390268 0.62779397473275 0.624627606752731 0.617103984450923
0 0.894240317775571 0.563654033041788 0.8987090367428 0.531584062196307 0.915590863952334 0.496598639455782 0.918570009930486 0.529640427599611 0.926514399205561 0.543245869776482 0.927010923535253 0.56268221574344 0.938430983118173 0.573372206025267 0.938927507447865 0.583090379008746 0.961271102284012 0.599611273080661 0.96077457795432 0.620991253644315 0.957795431976167 0.631681243926142 0.947864945382324 0.638483965014577 0.936444885799404 0.638483965014577 0.93098311817279 0.644314868804665 0.936444885799404 0.665694849368319 0.941906653426018 0.676384839650146 0.954816285998014 0.684159378036929 0.965243296921549 0.690962099125364 0.968718967229394 0.704567541302235 0.96325719960278 0.839650145772595 0.957795431976167 0.856171039844509 0.949851042701092 0.871720116618076 0.940913604766633 0.883381924198251 0.931479642502483 0.887269193391642 0.934955312810328 0.796890184645287 0.924528301886792 0.764820213799806 0.90317775571003 0.750242954324587 0.901688182720953 0.737609329446064 0.901688182720953 0.719144800777454 0.905660377358491 0.713313896987366 0.91012909632572 0.711370262390671 0.916087388282026 0.706511175898931 0.920556107249255 0.700680272108844 0.923535253227408 0.681243926141885 0.921052631578947 0.66958211856171 0.91012909632572 0.662779397473275 0.91012909632572 0.645286686103013 0.907149950347567 0.634596695821186 0.899702085402185 0.60932944606414 0.8987090367428 0.58600583090379
0 0.848063555114201 0.620019436345967 0.855014895729891 0.583090379008746 0.870407149950347 0.561710398445092 0.886792452830189 0.561710398445092 0.8987090367428 0.582118561710398 0.900198609731877 0.624878522837707 0.908639523336643 0.638483965014577 0.91012909632572 0.661807580174927 0.921052631578947 0.66958211856171 0.923535253227408 0.683187560738581 0.92154915590864 0.703595724003887 0.914597815292949 0.709426627793975 0.902184707050645 0.706511175898931 0.901191658391261 0.71622934888241 0.891261171797418 0.72108843537415 0.901191658391261 0.749271137026239 0.907646474677259 0.755102040816327 0.927010923535253 0.768707482993197 0.931976166832175 0.785228377065112 0.934458788480635 0.802721088435374 0.925024826216485 0.961127308066084 0.916583912611718 0.979591836734694 0.903674280039722 0.993197278911565 0.883316782522344 0.996112730806608 0.856504468718967 0.985422740524781 0.839622641509434 0.946550048590865 0.85253227408143 0.793002915451895 0.85948361469712 0.784256559766764 0.846573982125124 0.750242954324587
0 0.929990069513406 0.505344995140913 0.931976166832175 0.488824101068999 0.959781529294935 0.448007774538387 0.967229394240318 0.451895043731778 0.965243296921549 0.488824101068999 0.977656405163853 0.505344995140913 0.98162859980139 0.517006802721088 0.997517378351539 0.536443148688047 0.996027805362463 0.560738581146744 0.987586891757696 0.569484936831876 0.971201588877855 0.571428571428571 0.970705064548163 0.581146744412051 0.972691161866931 0.611273080660836 0.998013902681231 0.636540330417881 0.997020854021847 0.818270165208941 0.979145978152929 0.82312925170068 0.963753723932473 0.818270165208941 0.968718967229394 0.701652089407191 0.965243296921549 0.689990281827016 0.943892750744786 0.672497570456754 0.93545183714002 0.650145772594752 0.933962264150943 0.640427599611273 0.950347567030784 0.638483965014577 0.958291956305859 0.63265306122449 0.961767626613704 0.620019436345967 0.96077457795432 0.596695821185617 0.942899702085402 0.580174927113703 0.933962264150943 0.548104956268222
