1 0.0949943117178612 0.324013157894737 0.0745164960182025 0.330592105263158 0.0790671217292378 0.396381578947368 0.0699658703071672 0.402138157894737 0.0642775881683731 0.416118421052632 0.065415244596132 0.429276315789474 0.0665529010238908 0.447368421052632 0.0728100113765643 0.454769736842105 0.0881683731513083 0.455592105263158 0.0887372013651877 0.513980263157895 0.0784982935153584 0.520559210526316 0.0773606370875995 0.53125 0.0773606370875995 0.546875 0.0796359499431172 0.560855263157895 0.0841865756541525 0.572368421052632 0.100682593856655 0.569901315789474 0.101251422070535 0.592105263157895 0.0967007963594994 0.598684210526316 0.0915813424345848 0.601973684210526 0.0665529010238908 0.611019736842105 0.0602957906712173 0.622532894736842 0.0540386803185438 0.634046052631579 0.0506257110352673 0.649671052631579 0.0637087599544937 0.757401315789474 0.0580204778156997 0.766447368421053 0.0574516496018203 0.787006578947368 0.0602957906712173 0.797697368421053 0.0642775881683731 0.811677631578947 0.0648464163822526 0.826480263157895 0.0625711035267349 0.837171052631579 0.0637087599544937 0.844572368421053 0.0881683731513083 0.853618421052632 0.0830489192263936 0.8125 0.0784982935153584 0.78125 0.0779294653014789 0.759868421052632 0.0830489192263936 0.737664473684211 0.0893060295790671 0.724506578947368 0.109215017064846 0.708881578947368 0.109215017064846 0.701480263157895 0.131968145620023 0.697368421052632 0.131399317406143 0.679276315789474 0.119453924914676 0.680098684210526 0.113765642775882 0.670230263157895 0.109215017064846 0.658717105263158 0.105233219567691 0.648026315789474 0.103526734926052 0.634868421052632 0.103526734926052 0.619243421052632 0.107508532423208 0.614309210526316 0.122866894197952 0.606085526315789 0.118316268486917 0.559210526315789 0.109783845278726 0.558388157894737 0.104664391353811 0.550986842105263 0.100682593856655 0.541940789473684 0.0967007963594994 0.530427631578947 0.0949943117178612 0.518092105263158 0.0944254835039818 0.509046052631579 0.0949943117178612 0.499177631578947 0.0978384527872583 0.490131578947368 0.110352673492605 0.486019736842105 0.106939704209329 0.414473684210526 0.125711035267349 0.407072368421053 0.121160409556314 0.379934210526316
1 0.133674630261661 0.404605263157895 0.108077360637088 0.414473684210526 0.111490329920364 0.485197368421053 0.0978384527872583 0.491776315789474 0.0949943117178612 0.504934210526316 0.0967007963594994 0.525493421052632 0.0984072810011377 0.537828947368421 0.102957906712173 0.547697368421053 0.106939704209329 0.556743421052632 0.117747440273038 0.560032894736842 0.122298065984073 0.604440789473684 0.107508532423208 0.614309210526316 0.103526734926052 0.625 0.104664391353811 0.644736842105263 0.109783845278726 0.662828947368421 0.114903299203641 0.674342105263158 0.119453924914676 0.680098684210526 0.133674630261661 0.677631578947368 0.130830489192264 0.697368421052632 0.110352673492605 0.708059210526316 0.0915813424345848 0.725328947368421 0.0819112627986348 0.743421052631579 0.0773606370875995 0.764802631578947 0.0904436860068259 0.870065789473684 0.0858930602957907 0.879111842105263 0.0847554038680318 0.895559210526316 0.0927189988623436 0.950657894736842 0.0978384527872583 0.962171052631579 0.10580204778157 0.96875 0.11547212741752 0.971217105263158 0.129124004550626 0.973684210526316 0.142775881683732 0.96875 0.155858930602958 0.959703947368421 0.167804323094425 0.943256578947368 0.170079635949943 0.884046052631579 0.170648464163823 0.868421052631579 0.167235494880546 0.856907894736842 0.161547212741752 0.851973684210526 0.158134243458476 0.8125 0.168941979522184 0.816611842105263 0.187713310580205 0.806743421052632 0.165529010238908 0.480263157894737
1 0.0676905574516496 0.252467105263158 0.0500568828213879 0.258223684210526 0.0534698521046644 0.315789473684211 0.0449374288964733 0.322368421052632 0.0398179749715586 0.333059210526316 0.0386803185437998 0.34375 0.0398179749715586 0.358552631578947 0.0420932878270762 0.372532894736842 0.0455062571103527 0.379934210526316 0.0597269624573379 0.377467105263158 0.0631399317406143 0.425986842105263 0.0523321956769056 0.429276315789474 0.0460750853242321 0.435032894736842 0.0466439135381115 0.446546052631579 0.0483503981797497 0.464638157894737 0.052901023890785 0.482730263157895 0.0591581342434585 0.487664473684211 0.0767918088737201 0.480263157894737 0.0767918088737201 0.486842105263158 0.0648464163822526 0.496710526315789 0.0443686006825939 0.509046052631579 0.0324232081911263 0.520559210526316 0.0244596131968146 0.536184210526316 0.0227531285551763 0.550986842105263 0.0318543799772469 0.633223684210526 0.0284414106939704 0.648848684210526 0.027872582480091 0.666118421052632 0.0318543799772469 0.675986842105263 0.0415244596131968 0.680921052631579 0.0546075085324232 0.684210526315789 0.0500568828213879 0.650493421052632 0.0534698521046644 0.634046052631579 0.0580204778156997 0.621710526315789 0.0665529010238908 0.609375 0.0898748577929465 0.601973684210526 0.0995449374288965 0.59375 0.0978384527872583 0.576480263157895 0.0847554038680318 0.574835526315789 0.0796359499431172 0.560032894736842 0.0762229806598407 0.546875 0.0756541524459613 0.532072368421053 0.0779294653014789 0.522203947368421 0.0898748577929465 0.513980263157895 0.0893060295790671 0.455592105263158 0.0728100113765643 0.453947368421053 0.0676905574516496 0.446546052631579 0.0642775881683731 0.431743421052632 0.0625711035267349 0.416118421052632 0.0671217292377702 0.407894736842105 0.0699658703071672 0.398848684210526 0.0802047781569966 0.394736842105263 0.0756541524459613 0.327302631578947 0.093287827076223 0.321546052631579
1 0.040386803185438 0.189967105263158 0.0261660978384528 0.194078947368421 0.0295790671217292 0.254111842105263 0.0187713310580205 0.258223684210526 0.0159271899886234 0.269736842105263 0.0170648464163823 0.283717105263158 0.0187713310580205 0.298519736842105 0.0267349260523322 0.308388157894737 0.037542662116041 0.305098684210526 0.0398179749715586 0.360197368421053 0.027872582480091 0.363486842105263 0.0267349260523322 0.372532894736842 0.0273037542662116 0.388980263157895 0.0324232081911263 0.405427631578947 0.0449374288964733 0.407894736842105 0.0455062571103527 0.423519736842105 0.0136518771331058 0.438322368421053 0.00341296928327645 0.462171052631579 0.0113765642775882 0.567434210526316 0.00568828213879408 0.575657894736842 0.00796359499431172 0.606907894736842 0.0119453924914676 0.620888157894737 0.0295790671217292 0.629111842105263 0.0227531285551763 0.550986842105263 0.0238907849829352 0.536184210526316 0.0329920364050057 0.520559210526316 0.0443686006825939 0.509046052631579 0.065415244596132 0.498355263157895 0.0779294653014789 0.486842105263158 0.0762229806598407 0.480263157894737 0.0602957906712173 0.488486842105263 0.0511945392491468 0.479440789473684 0.0472127417519909 0.447368421052632 0.0494880546075085 0.432565789473684 0.0614334470989761 0.427631578947368 0.0591581342434585 0.380756578947368 0.0449374288964733 0.380756578947368 0.0381114903299204 0.360197368421053 0.0381114903299204 0.340460526315789 0.0449374288964733 0.320723684210526 0.0523321956769056 0.316611842105263 0.0494880546075085 0.255756578947368 0.0676905574516496 0.250822368421053
1 0.310011376564278 0.129111842105263 0.299203640500569 0.133223684210526 0.299203640500569 0.186677631578947 0.291808873720137 0.191611842105263 0.289533560864619 0.203947368421053 0.291240045506257 0.220394736842105 0.294084186575654 0.229440789473684 0.299203640500569 0.239309210526316 0.298634812286689 0.28125 0.294084186575654 0.291118421052632 0.292377701934016 0.306743421052632 0.294084186575654 0.320723684210526 0.297497155858931 0.330592105263158 0.302047781569966 0.335526315789474 0.300910125142207 0.348684210526316 0.296928327645051 0.352796052631579 0.283276450511945 0.356907894736842 0.274744027303754 0.364309210526316 0.26905574516496 0.376644736842105 0.266780432309443 0.388157894736842 0.267918088737201 0.435032894736842 0.272468714448237 0.448190789473684 0.281001137656428 0.449013157894737 0.284982935153584 0.449835526315789 0.28839590443686 0.454769736842105 0.290102389078498 0.464638157894737 0.287258248009101 0.474506578947368 0.282707622298066 0.481907894736842 0.281001137656428 0.490131578947368 0.27872582480091 0.509868421052632 0.298634812286689 0.544407894736842 0.302047781569966 0.533717105263158 0.299772468714448 0.487664473684211 0.303185437997725 0.445723684210526 0.307167235494881 0.433388157894737 0.313993174061433 0.422697368421053 0.320250284414107 0.419407894736842 0.329351535836177 0.414473684210526 0.337315130830489 0.413651315789474 0.337315130830489 0.398848684210526 0.332195676905575 0.393914473684211 0.329351535836177 0.379111842105263 0.329920364050057 0.365131578947368 0.329351535836177 0.354440789473684 0.335608646188851 0.34375 0.334470989761092 0.293585526315789 0.328782707622298 0.285361842105263 0.324800910125142 0.275493421052632 0.32650739476678 0.261513157894737 0.328213879408419 0.251644736842105 0.33617747440273 0.244243421052632 0.33617747440273 0.181743421052632 0.34584755403868 0.175986842105263
1 0.353811149032992 0.177631578947368 0.337315130830489 0.183388157894737 0.33674630261661 0.241776315789474 0.331626848691695 0.249177631578947 0.327645051194539 0.259868421052632 0.32650739476678 0.270559210526316 0.329351535836177 0.280427631578947 0.330489192263936 0.290296052631579 0.335608646188851 0.295230263157895 0.33617747440273 0.342927631578947 0.329920364050057 0.351973684210526 0.328213879408419 0.363486842105263 0.329351535836177 0.381578947368421 0.331626848691695 0.392269736842105 0.338452787258248 0.399671052631579 0.338452787258248 0.414473684210526 0.325369738339022 0.417763157894737 0.312855517633675 0.425164473684211 0.307167235494881 0.435032894736842 0.304323094425484 0.451480263157895 0.302616609783845 0.474506578947368 0.302047781569966 0.490953947368421 0.300341296928328 0.547697368421053 0.311717861205916 0.556743421052632 0.324800910125142 0.563322368421053 0.337315130830489 0.563322368421053 0.349260523321957 0.560032894736842 0.349260523321957 0.540296052631579 0.353811149032992 0.527138157894737 0.358361774744027 0.517269736842105 0.358930602957907 0.497532894736842 0.37485779294653 0.504111842105263 0.38509670079636 0.497532894736842 0.38509670079636 0.471217105263158 0.380546075085324 0.46875 0.376564277588168 0.458881578947368 0.374288964732651 0.449835526315789 0.374288964732651 0.4375 0.37485779294653 0.424342105263158 0.381683731513083 0.416940789473684 0.381683731513083 0.361019736842105 0.377701934015927 0.355263157894737 0.37485779294653 0.345394736842105 0.372582480091013 0.338815789473684 0.370875995449374 0.329769736842105 0.373720136518771 0.319078947368421 0.382252559726962 0.304276315789474 0.381114903299204 0.240953947368421 0.391922639362912 0.236019736842105
1 0.398179749715586 0.240131578947368 0.381114903299204 0.247532894736842 0.382252559726962 0.305098684210526 0.377133105802048 0.316611842105263 0.375995449374289 0.332236842105263 0.377133105802048 0.342927631578947 0.379408418657565 0.352796052631579 0.382821387940842 0.361842105263158 0.382252559726962 0.417763157894737 0.37542662116041 0.425986842105263 0.373720136518771 0.438322368421053 0.37542662116041 0.458059210526316 0.381114903299204 0.46875 0.385665529010239 0.473684210526316 0.385665529010239 0.495065789473684 0.363481228668942 0.509868421052632 0.353811149032992 0.528782894736842 0.350967007963595 0.550164473684211 0.350398179749716 0.643914473684211 0.362343572241183 0.65625 0.37542662116041 0.660361842105263 0.387372013651877 0.662006578947368 0.397042093287827 0.660361842105263 0.396473265073948 0.630756578947368 0.399317406143345 0.611842105263158 0.406143344709898 0.599506578947368 0.412400455062571 0.591282894736842 0.418657565415245 0.583059210526316 0.43287827076223 0.578125 0.434015927189989 0.543585526315789 0.431171786120592 0.536184210526316 0.428327645051195 0.524671052631579 0.428896473265074 0.514802631578947 0.431171786120592 0.505756578947368 0.436860068259386 0.493421052631579 0.436860068259386 0.438322368421053 0.43230944254835 0.432565789473684 0.430034129692833 0.421875 0.430034129692833 0.408717105263158 0.431171786120592 0.399671052631579 0.434584755403868 0.388157894736842 0.440841865756542 0.381578947368421 0.441410693970421 0.315789473684211 0.448805460750853 0.296875 0.426621160409556 0.270559210526316
1 0.459613196814562 0.306743421052632 0.44254835039818 0.319901315789474 0.440841865756542 0.381578947368421 0.43287827076223 0.394736842105263 0.431171786120592 0.407072368421053 0.43230944254835 0.422697368421053 0.433447098976109 0.432565789473684 0.437997724687145 0.439144736842105 0.436860068259386 0.495065789473684 0.43287827076223 0.505756578947368 0.429465301478953 0.516447368421053 0.429465301478953 0.53125 0.43287827076223 0.540296052631579 0.436291240045506 0.547697368421053 0.433447098976109 0.577302631578947 0.420364050056883 0.585526315789474 0.411831626848692 0.595394736842105 0.405574516496018 0.607730263157895 0.399317406143345 0.622532894736842 0.397610921501706 0.639802631578947 0.397610921501706 0.734375 0.406712172923777 0.740953947368421 0.41296928327645 0.715460526315789 0.422070534698521 0.707236842105263 0.439135381114903 0.706414473684211 0.454493742889647 0.703947368421053 0.463594994311718 0.703947368421053 0.47155858930603 0.711348684210526 0.47098976109215 0.694901315789474 0.464163822525597 0.690789473684211 0.46188850967008 0.675986842105263 0.496587030716724 0.677631578947368 0.502844141069397 0.662828947368421 0.514220705346985 0.375
1 0.541524459613197 0.071546052631579 0.530147895335609 0.0764802631578947 0.517633674630262 0.272203947368421 0.524459613196815 0.28125 0.532423208191126 0.271381578947368 0.564277588168373 0.314967105263158 0.572810011376564 0.309210526315789 0.580773606370876 0.123355263157895 0.585893060295791 0.118421052631579
1 0.59613196814562 0.117598684210526 0.580204778156997 0.126644736842105 0.571103526734926 0.318256578947368 0.620591581342435 0.381578947368421 0.629124004550626 0.356085526315789 0.638225255972696 0.152138157894737
1 0.647326507394767 0.157072368421053 0.637656427758817 0.166940789473684 0.625711035267349 0.381578947368421 0.680318543799773 0.443256578947368 0.688850967007964 0.435855263157895 0.704778156996587 0.225328947368421 0.709328782707622 0.216282894736842 0.704209328782708 0.203125
1 0.715017064846416 0.213815789473684 0.704778156996587 0.224506578947368 0.685437997724687 0.444078947368421 0.756541524459613 0.523848684210526 0.763936291240045 0.508223684210526 0.784982935153584 0.278782894736842