0 0.0844091360476663 0.130034522439586 0.0854021847070506 0.110471806674338 0.08987090367428 0.097813578826237 0.0988083416087388 0.0874568469505178 0.110228401191658 0.0851553509781358 0.116683217477656 0.0840046029919448 0.123138033763654 0.0897583429228999 0.137537239324727 0.317606444188723 0.143992055610725 0.32566168009206 0.156405163853029 0.317606444188723 0.155412115193644 0.3590333716916 0.144985104270109 0.369390103567319 0.132075471698113 0.371691599539701 0.117179741807349 0.369390103567319 0.112711022840119 0.318757192174914 0.10824230387289 0.289988492520138 0.107249255213505 0.268124280782509 0.111221449851043 0.248561565017261 0.109731876861966 0.234752589182969 0.101787487586892 0.222094361334868 0.0943396226415094 0.194476409666283 0.08987090367428 0.16800920598389
0 0.0342601787487587 0.174913693901036 0.0337636544190665 0.154200230149597 0.0402184707050645 0.138089758342923 0.048162859980139 0.131185270425777 0.0561072492552135 0.12313003452244 0.0650446871896723 0.118527042577675 0.0710029791459781 0.135788262370541 0.0749751737835154 0.155350978135788 0.0819265143992055 0.170310701956272 0.0829195630585899 0.188722669735328 0.0824230387288977 0.201380897583429 0.0789473684210526 0.207134637514384 0.0844091360476663 0.239355581127733 0.0918570009930487 0.250863060989643 0.0998013902681231 0.262370540851553 0.104766633565045 0.276179516685846 0.11519364448858 0.383199079401611 0.110228401191658 0.399309551208285 0.0958291956305859 0.409666283084005 0.0858987090367428 0.413118527042578 0.0759682224428997 0.413118527042578 0.064051638530288 0.400460299194476 0.0486593843098312 0.291139240506329 0.0516385302879841 0.276179516685846 0.054617676266137 0.2692750287687 0.0496524329692155 0.263521288837745 0.0431976166832175 0.240506329113924 0.0397219463753724 0.220943613348677
0 0.219463753723932 0.39355581127733 0.217477656405164 0.336018411967779 0.208540218470705 0.323360184119678 0.209533267130089 0.299194476409666 0.218470705064548 0.285385500575374 0.209036742800397 0.248561565017261 0.203574975173784 0.220943613348677 0.199602780536246 0.197928653624856 0.199106256206554 0.148446490218642 0.205561072492552 0.133486766398159 0.215491559086395 0.125431530494822 0.223932472691162 0.12313003452244 0.232869910625621 0.126582278481013 0.239324726911619 0.135788262370541 0.242800397219464 0.142692750287687 0.242303872889772 0.174913693901036 0.24875868917577 0.187571921749137 0.249255213505462 0.199079401611047 0.247269116186693 0.212888377445339 0.242303872889772 0.215189873417722 0.244786494538232 0.252013808975834 0.253227408142999 0.264672036823936 0.260178748758689 0.270425776754891 0.266137040714995 0.285385500575374 0.268123138033764 0.411967779056387 0.257696127110228 0.423475258918297 0.240317775571003 0.42692750287687 0.22591857000993 0.425776754890679 0.219463753723932 0.417721518987342
0 0.144985104270109 0.227848101265823 0.144985104270109 0.200230149597238 0.148957298907646 0.180667433831991 0.15888778550149 0.169159953970081 0.168321747765641 0.161104718066743 0.176266137040715 0.158803222094361 0.182224428997021 0.161104718066743 0.187189672293942 0.166858457997698 0.190665342601787 0.178365937859609 0.192651439920556 0.207134637514384 0.197616683217478 0.215189873417722 0.200595829195631 0.22439585730725 0.201092353525323 0.238204833141542 0.200099304865938 0.249712313003452 0.195134061569017 0.254315304948216 0.196127110228401 0.29228998849252 0.201092353525323 0.300345224395857 0.206057596822244 0.309551208285386 0.208540218470705 0.323360184119678 0.217477656405164 0.334867663981588 0.21896722939424 0.470655926352129 0.206554121151936 0.485615650172612 0.189672293942403 0.49482163406214 0.170804369414101 0.486766398158803 0.16137040714995 0.482163406214039 0.155908639523337 0.361334867663982 0.162363455809335 0.34867663981588 0.16583912611718 0.342922899884925 0.166832174776564 0.331415420023015 0.16137040714995 0.31415420023015 0.155908639523337 0.294591484464902
0 0.298411122144985 0.278481012658228 0.300397219463754 0.250863060989643 0.307845084409136 0.242807825086306 0.319265143992056 0.230149597238205 0.32720953326713 0.226697353279632 0.337636544190665 0.231300345224396 0.339622641509434 0.261219792865362 0.345084409136048 0.270425776754891 0.347567030784508 0.279631760644419 0.353525322740814 0.291139240506329 0.356007944389275 0.30379746835443 0.355014895729891 0.316455696202532 0.35948361469712 0.33716915995397 0.350546176762661 0.34867663981588 0.350546176762661 0.364787111622555 0.371400198609732 0.383199079401611 0.376365441906653 0.387802071346375 0.386295928500496 0.532796317606444 0.379344587884806 0.560414269275029 0.369910625620655 0.568469505178366 0.356504468718967 0.57307249712313 0.343594836146971 0.581127733026467 0.329195630585899 0.579976985040276 0.320754716981132 0.563866513233602 0.308341608738828 0.413118527042578 0.316782522343595 0.399309551208285 0.312313803376365 0.386651323360184 0.305858987090367 0.368239355581128
0 0.245779543197617 0.128883774453395 0.247765640516385 0.115074798619102 0.253227408142999 0.103567318757192 0.261668321747766 0.095512082853855 0.272095332671301 0.094361334867664 0.280536246276067 0.329113924050633 0.266633565044687 0.330264672036824 0.265640516385303 0.285385500575374 0.260675273088381 0.268124280782509 0.258689175769613 0.252013808975834 0.259682224428997 0.234752589182969 0.254716981132075 0.216340621403913 0.250744786494538 0.193325661680092 0.246772591857001 0.166858457997698
0 0.392254220456802 0.173762945914845 0.39622641509434 0.159953970080552 0.403674280039722 0.150747986191024 0.411122144985104 0.141542002301496 0.419066534260179 0.142692750287687 0.423535253227408 0.163406214039125 0.425024826216485 0.174913693901036 0.431976166832175 0.180667433831991 0.437437934458788 0.451093210586881 0.429990069513406 0.46029919447641 0.422045680238332 0.457997698504028 0.42154915590864 0.38204833141542 0.416583912611718 0.346375143843498 0.410625620655412 0.334867663981588 0.397715988083416 0.323360184119678 0.399205561072493 0.301495972382048 0.404667328699106 0.295742232451093 0.401191658391261 0.276179516685846 0.40317775571003 0.25891829689298 0.404667328699106 0.238204833141542 0.401688182720953 0.215189873417722 0.397715988083416 0.195627157652474
0 0.349553128103277 0.234752589182969 0.350546176762661 0.218642117376295 0.353525322740814 0.20253164556962 0.359980139026812 0.193325661680092 0.368917576961271 0.184119677790564 0.380337636544191 0.181818181818182 0.385799404170804 0.19102416570771 0.392750744786495 0.208285385500575 0.398212512413108 0.230149597238205 0.40317775571003 0.24741081703107 0.403674280039722 0.25891829689298 0.40317775571003 0.281933256616801 0.402184707050645 0.298043728423475 0.393247269116187 0.302646720368239 0.395233366434955 0.321058688147296 0.401688182720953 0.32566168009206 0.41012909632572 0.333716915995397 0.417576961271102 0.34867663981588 0.422045680238332 0.377445339470656 0.423535253227408 0.497123130034522 0.418073485600794 0.515535097813579 0.404667328699106 0.527042577675489 0.385799404170804 0.522439585730725 0.376861966236346 0.388952819332566 0.361966236345581 0.373993095512083 0.360973187686197 0.339470655926352 0.356007944389275 0.315304948216341 0.353028798411122 0.294591484464902 0.349056603773585 0.272727272727273
0 0.530784508440914 0.233601841196778 0.559582919563059 0.19102416570771 0.569513406156902 0.197928653624856 0.572492552135055 0.205983889528193 0.572492552135055 0.218642117376295 0.582423038728898 0.233601841196778 0.583416087388282 0.246260069044879 0.595332671300894 0.257767548906789 0.598808341608739 0.271576524741082 0.599304865938431 0.281933256616801 0.598311817279047 0.294591484464902 0.593346573982125 0.299194476409666 0.585402184707051 0.294591484464902 0.577954319761668 0.306098964326812 0.582423038728898 0.339470655926352 0.588877855014896 0.342922899884925 0.595332671300894 0.349827387802071 0.600794438927507 0.361334867663982 0.605759682224429 0.372842347525892 0.605263157894737 0.387802071346375 0.606752730883813 0.406214039125432 0.605759682224429 0.522439585730725 0.600794438927507 0.53970080552359 0.594836146971202 0.548906789413118 0.584905660377358 0.553509781357883 0.571996027805362 0.55005753739931 0.571996027805362 0.439585730724971 0.566534260178749 0.420023014959724 0.559086395233366 0.410817031070196 0.546673286991063 0.392405063291139 0.54617676266137 0.37054085155351 0.554121151936445 0.357882623705409 0.551142005958292 0.349827387802071 0.558589870903674 0.341772151898734 0.561569016881827 0.327963176064442 0.559582919563059 0.313003452243959 0.547666335650447 0.287686996547756 0.533267130089374 0.273878020713464
0 0.489572989076465 0.273878020713464 0.526812313803376 0.231300345224396 0.531281032770606 0.249712313003452 0.532770605759682 0.272727272727273 0.546673286991063 0.287686996547756 0.546673286991063 0.298043728423475 0.559086395233366 0.309551208285386 0.561072492552135 0.322209436133487 0.561569016881827 0.33716915995397 0.558589870903674 0.346375143843498 0.551142005958292 0.349827387802071 0.552631578947368 0.361334867663982 0.542204568023833 0.372842347525892 0.543197616683217 0.383199079401611 0.546673286991063 0.395857307249712 0.560079443892751 0.410817031070196 0.569513406156902 0.42692750287687 0.571996027805362 0.441887226697353 0.571002979145978 0.575373993095512 0.563555114200596 0.601841196777906 0.555610724925521 0.616800920598389 0.53227408142999 0.61795166858458 0.532770605759682 0.474108170310702 0.526315789473684 0.462600690448792 0.522343594836147 0.454545454545455 0.502482621648461 0.424626006904488 0.500993048659384 0.407364787111623 0.517874875868918 0.390103567318757 0.518867924528302 0.377445339470656 0.517378351539225 0.363636363636364 0.513406156901688 0.355581127733026 0.504468718967229 0.341772151898734 0.490566037735849 0.299194476409666
0 0.45382323733863 0.32566168009206 0.455312810327706 0.304948216340621 0.484607745779543 0.270425776754891 0.490566037735849 0.289988492520138 0.496027805362463 0.323360184119678 0.501986097318769 0.336018411967779 0.501489572989076 0.346375143843498 0.514895729890765 0.3590333716916 0.51837140019861 0.371691599539701 0.519364448857994 0.385500575373993 0.516385302879841 0.394706559263521 0.500993048659384 0.405063291139241 0.501489572989076 0.424626006904488 0.509433962264151 0.43843498273878 0.517378351539225 0.448791714614499 0.523336643495531 0.456846950517837 0.533267130089374 0.474108170310702 0.532770605759682 0.609896432681243 0.528301886792453 0.638665132336018 0.517378351539225 0.659378596087457 0.504965243296922 0.667433831990794 0.483118172790467 0.663981588032221 0.470705064548163 0.653624856156502 0.460278053624628 0.626006904487917 0.457298907646475 0.492520138089758 0.46077457795432 0.478711162255466 0.46772591857001 0.468354430379747 0.470208540218471 0.462600690448792 0.464250248262165 0.448791714614499 0.458788480635551 0.432681242807825 0.455312810327706 0.417721518987342
0 0.731876861966236 0.315304948216341 0.75124131082423 0.283084004602992 0.759185700099305 0.288837744533947 0.762164846077458 0.309551208285386 0.774577954319762 0.319907940161105 0.776067527308838 0.334867663981588 0.791956305858987 0.34867663981588 0.793942403177756 0.365937859608746 0.790963257199603 0.388952819332566 0.782025819265144 0.388952819332566 0.774577954319762 0.388952819332566 0.771598808341609 0.398158803222094 0.756206554121152 0.390103567318757 0.762164846077458 0.400460299194476 0.768123138033764 0.447640966628308 0.779543197616683 0.462600690448792 0.786494538232373 0.475258918296893 0.796921549155909 0.495972382048331 0.800893743793446 0.517836593785961 0.779543197616683 0.683544303797468 0.763157894736842 0.678941311852704 0.767626613704071 0.577675489067894 0.766633565044687 0.551208285385501 0.764150943396226 0.524741081703107 0.754220456802383 0.506329113924051 0.738331678252234 0.489067894131185 0.739821251241311 0.455696202531646 0.749751737835154 0.453394706559264 0.757199602780536 0.446490218642117 0.760675273088381 0.439585730724971 0.761171797418074 0.418872266973533 0.760178748758689 0.409666283084005 0.756206554121152 0.400460299194476 0.746772591857001 0.39355581127733 0.745283018867924 0.380897583429229 0.739821251241311 0.371691599539701 0.733862959285005 0.368239355581128
0 0.700595829195631 0.368239355581128 0.721946375372393 0.331415420023015 0.730883813306852 0.346375143843498 0.731876861966236 0.367088607594937 0.740814299900695 0.376294591484465 0.738331678252234 0.388952819332566 0.758192651439921 0.410817031070196 0.759185700099305 0.432681242807825 0.756703078450844 0.446490218642117 0.741807348560079 0.444188722669735 0.739324726911619 0.462600690448792 0.735849056603774 0.470655926352129 0.73733862959285 0.489067894131185 0.749255213505462 0.499424626006904 0.757199602780536 0.508630609896433 0.764647467725919 0.52819332566168 0.766633565044687 0.545454545454545 0.768123138033764 0.574223245109321 0.758192651439921 0.724971231300345 0.74875868917577 0.743383199079402 0.738828202581926 0.747986191024166 0.728897715988083 0.745684695051784 0.733366434955313 0.635212888377445 0.733366434955313 0.614499424626007 0.726911618669315 0.591484464902186 0.71896722939424 0.577675489067894 0.711519364448858 0.568469505178366 0.704568023833168 0.551208285385501 0.706554121151937 0.522439585730725 0.717477656405164 0.510932105868815 0.723932472691162 0.504027617951669 0.726911618669315 0.487917146144994 0.727408142999007 0.470655926352129 0.724428997020854 0.46029919447641 0.71201588877855 0.44994246260069 0.710029791459782 0.436133486766398 0.705561072492552 0.420023014959724 0.699602780536246 0.390103567318757
0 0.688679245283019 0.379746835443038 0.693147964250248 0.391254315304948 0.694637537239325 0.417721518987342 0.710526315789474 0.431530494821634 0.707547169811321 0.445339470655926 0.728401191658391 0.464902186421174 0.728401191658391 0.477560414269275 0.727904667328699 0.487917146144994 0.725918570009931 0.500575373993095 0.720953326713009 0.507479861910242 0.707547169811321 0.50517836593786 0.703574975173783 0.522439585730725 0.701588877855015 0.536248561565017 0.707050645481629 0.563866513233602 0.716484607745779 0.575373993095512 0.721449851042701 0.58457997698504 0.729890764647468 0.598388952819333 0.733862959285005 0.61795166858458 0.725918570009931 0.798619102416571 0.717974180734856 0.821634062140391 0.705561072492552 0.838895281933257 0.691658391261172 0.846950517836594 0.680734856007944 0.845799769850403 0.666335650446872 0.838895281933257 0.656405163853029 0.8204833141542 0.649950347567031 0.798619102416571 0.646971201588878 0.782508630609896 0.652929493545184 0.619102416570771 0.656405163853029 0.600690448791715 0.662859980139027 0.589182968929804 0.666335650446872 0.582278481012658 0.656405163853029 0.592635212888378 0.64746772591857 0.590333716915995 0.637537239324727 0.577675489067894 0.637537239324727 0.478711162255466 0.631082423038729 0.479861910241657 0.62909632571996 0.466052934407365 0.628599801390268 0.452243958573072 0.630089374379345 0.433831990794016 0.633068520357498 0.41542002301496 0.638033763654419 0.397008055235903
0 0.860973187686197 0.509781357882624 0.89622641509434 0.529344073647871 0.900198609731877 0.513233601841197 0.906653426017875 0.506329113924051 0.918073485600794 0.518987341772152 0.922045680238332 0.536248561565017 0.935948361469712 0.546605293440736 0.93545183714002 0.566168009205984 0.962264150943396 0.585730724971231 0.959285004965243 0.632911392405063 0.934458788480636 0.627157652474108 0.933465739821251 0.643268124280783 0.927010923535253 0.646720368239356 0.912611717974181 0.6409666283084 0.910625620655412 0.652474108170311 0.918073485600794 0.716915995397008 0.945878848063555 0.751438434982739 0.954319761668322 0.766398158803222 0.959781529294935 0.78596087456847 0.932969215491559 0.983889528193326 0.921549155908639 0.996547756041427 0.907646474677259 0.996547756041427 0.851539225422046 0.949367088607595 0.847070506454816 0.915995397008055 0.870407149950348 0.722669735327963 0.878351539225422 0.720368239355581 0.887288977159881 0.722669735327963 0.863455809334657 0.708860759493671 0.866931479642503 0.621403912543153 0.862959285004965 0.612197928653625 0.849553128103277 0.607594936708861 0.851539225422046 0.559263521288838 0.854021847070506 0.538550057537399 0.857000993048659 0.522439585730725
