0 0.0933465739821251 0.380952380952381 0.0814299900695134 0.376068376068376 0.0729890764647468 0.391941391941392 0.0566037735849057 0.38949938949939 0.0536246276067527 0.404151404151404 0.0561072492552135 0.48962148962149 0.0655412115193645 0.492063492063492 0.0724925521350546 0.494505494505495 0.070506454816286 0.52014652014652 0.0650446871896723 0.542124542124542 0.0610724925521351 0.562881562881563 0.0566037735849057 0.571428571428572 0.0273088381330685 0.571428571428572 0.0268123138033764 0.600732600732601 0.0243296921549156 0.643467643467644 0.0178748758689176 0.68986568986569 0.0124131082423039 0.728937728937729 0.0139026812313803 0.785103785103785 0.0799404170804369 0.807081807081807 0.0888778550148957 0.731379731379731 0.0913604766633565 0.656898656898657 0.0888778550148957 0.62026862026862 0.0829195630585899 0.593406593406593 0.0849056603773585 0.565323565323565 0.0913604766633565 0.543345543345543 0.0938430983118173 0.526251526251526
0 0.121648460774578 0.363858363858364 0.124627606752731 0.376068376068376 0.1266137040715 0.405372405372405 0.139026812313803 0.406593406593407 0.144985104270109 0.433455433455433 0.163356504468719 0.438339438339438 0.163356504468719 0.477411477411477 0.144985104270109 0.478632478632479 0.141509433962264 0.496947496947497 0.13356504468719 0.505494505494505 0.125124131082423 0.504273504273504 0.124627606752731 0.554334554334554 0.129592850049652 0.567765567765568 0.143992055610725 0.571428571428572 0.157894736842105 0.57997557997558 0.168818272095333 0.597069597069597 0.169314796425025 0.610500610500611 0.167825223435948 0.63003663003663 0.169811320754717 0.644688644688645 0.173286991062562 0.736263736263736 0.173286991062562 0.778998778998779 0.172293942403178 0.815628815628816 0.164846077457795 0.827838827838828 0.143992055610725 0.832722832722833 0.132075471698113 0.833943833943834 0.113207547169811 0.826617826617827 0.109731876861966 0.798534798534799 0.106752730883813 0.764346764346764 0.106256206554121 0.731379731379731 0.105263157894737 0.681318681318681 0.108738828202582 0.627594627594628 0.117676266137041 0.611721611721612 0.119662363455809 0.567765567765568
0 0.258689175769613 0.416361416361416 0.246276067527309 0.435897435897436 0.233862959285005 0.440781440781441 0.229890764647468 0.462759462759463 0.226415094339623 0.482295482295482 0.229394240317776 0.512820512820513 0.233366434955313 0.527472527472527 0.240317775571003 0.531135531135531 0.248262164846077 0.537240537240537 0.247269116186693 0.573870573870574 0.238331678252234 0.57997557997558 0.224925521350546 0.583638583638584 0.213505461767627 0.588522588522589 0.206057596822244 0.594627594627595 0.199106256206554 0.638583638583639 0.199106256206554 0.692307692307692 0.197120158887786 0.731379731379731 0.196623634558093 0.775335775335775 0.213505461767627 0.788766788766789 0.232373386295928 0.793650793650794 0.247269116186693 0.793650793650794 0.257199602780536 0.78021978021978 0.257199602780536 0.642246642246642 0.262164846077458 0.625152625152625 0.261668321747766 0.611721611721612 0.256703078450844 0.603174603174603 0.257696127110228 0.587301587301587 0.263654419066534 0.572649572649573 0.265143992055611 0.561660561660562 0.267130089374379 0.422466422466422
0 0.468222442899702 0.481074481074481 0.454319761668322 0.478632478632479 0.442899702085402 0.478632478632479 0.438927507447865 0.485958485958486 0.438927507447865 0.493284493284493 0.43545183714002 0.498168498168498 0.431479642502483 0.512820512820513 0.429493545183714 0.52991452991453 0.430486593843098 0.548229548229548 0.431479642502483 0.565323565323565 0.436941410129096 0.575091575091575 0.436444885799404 0.611721611721612 0.432472691161867 0.625152625152625 0.426514399205561 0.637362637362637 0.417576961271102 0.637362637362637 0.41012909632572 0.636141636141636 0.404170804369414 0.643467643467644 0.400695134061569 0.655677655677656 0.397219463753724 0.78021978021978 0.433465739821251 0.776556776556777 0.43545183714002 0.758241758241758 0.438430983118173 0.731379731379731 0.441410129096326 0.686202686202686 0.440417080436941 0.658119658119658 0.441410129096326 0.641025641025641 0.447368421052632 0.633699633699634 0.461271102284012 0.636141636141636 0.465739821251241 0.619047619047619 0.468222442899702 0.601953601953602
0 0.515888778550149 0.465201465201465 0.480139026812314 0.47008547008547 0.480139026812314 0.482295482295482 0.476166832174777 0.503052503052503 0.474180734856008 0.526251526251526 0.475670307845084 0.547008547008547 0.479642502482622 0.561660561660562 0.480139026812314 0.581196581196581 0.477159880834161 0.601953601953602 0.473187686196624 0.621489621489622 0.466236345580934 0.632478632478633 0.460278053624628 0.633699633699634 0.446871896722939 0.632478632478633 0.440417080436941 0.642246642246642 0.439424031777557 0.659340659340659 0.441410129096326 0.687423687423687 0.438430983118173 0.733821733821734 0.43545183714002 0.758241758241758 0.432969215491559 0.777777777777778 0.440913604766634 0.824175824175824 0.499006951340616 0.835164835164835 0.500496524329692 0.802197802197802 0.498013902681231 0.771672771672772 0.501489572989076 0.744810744810745 0.503475670307845 0.655677655677656 0.501489572989076 0.643467643467644 0.510427010923535 0.627594627594628 0.512413108242304 0.610500610500611
0 0.612711022840119 0.504273504273504 0.601787487586892 0.499389499389499 0.590863952333664 0.500610500610501 0.581926514399206 0.505494505494505 0.579940417080437 0.523809523809524 0.577457795431976 0.548229548229548 0.576961271102284 0.573870573870574 0.579940417080437 0.586080586080586 0.581429990069513 0.637362637362637 0.579940417080437 0.645909645909646 0.573982125124131 0.653235653235653 0.569513406156902 0.661782661782662 0.571002979145978 0.695970695970696 0.579443892750745 0.697191697191697 0.572989076464747 0.721611721611722 0.570009930486594 0.744810744810745 0.572492552135055 0.78021978021978 0.57149950347567 0.796092796092796 0.570506454816286 0.818070818070818 0.570506454816286 0.838827838827839 0.606752730883813 0.838827838827839 0.606256206554121 0.710622710622711 0.602284011916584 0.708180708180708 0.602284011916584 0.691086691086691 0.60377358490566 0.669108669108669 0.609731876861966 0.654456654456654 0.615690168818272 0.641025641025641 0.616683217477656 0.514041514041514
0 0.773088381330685 0.523809523809524 0.765143992055611 0.516483516483517 0.756703078450844 0.52014652014652 0.74428997020854 0.523809523809524 0.735352532274081 0.532356532356532 0.732869910625621 0.567765567765568 0.73038728897716 0.595848595848596 0.729890764647468 0.612942612942613 0.731380337636544 0.638583638583639 0.733366434955313 0.654456654456654 0.731380337636544 0.671550671550672 0.727408142999007 0.675213675213675 0.719463753723933 0.669108669108669 0.714995034756703 0.68009768009768 0.717974180734856 0.704517704517705 0.717477656405164 0.719169719169719 0.714001986097319 0.728937728937729 0.71201588877855 0.763125763125763 0.71201588877855 0.797313797313797 0.714001986097319 0.825396825396825 0.716981132075472 0.855921855921856 0.721946375372393 0.870573870573871 0.768123138033764 0.857142857142857 0.764150943396226 0.829059829059829 0.760675273088381 0.798534798534799 0.759185700099305 0.75946275946276 0.760675273088381 0.731379731379731 0.764647467725919 0.714285714285714 0.767130089374379 0.703296703296703 0.764150943396226 0.667887667887668 0.77408142999007 0.654456654456654 0.776067527308838 0.617826617826618
0 0.835153922542205 0.512820512820513 0.806852035749752 0.507936507936508 0.800397219463754 0.518925518925519 0.79493545183714 0.534798534798535 0.792949354518371 0.553113553113553 0.793942403177756 0.573870573870574 0.796921549155909 0.586080586080586 0.795928500496524 0.601953601953602 0.792949354518371 0.623931623931624 0.789970208540218 0.644688644688645 0.785501489572989 0.659340659340659 0.779543197616683 0.661782661782662 0.769116186693148 0.665445665445666 0.768123138033764 0.704517704517705 0.764647467725919 0.716727716727717 0.761171797418074 0.735042735042735 0.758689175769613 0.760683760683761 0.760675273088381 0.7997557997558 0.763654419066534 0.831501831501832 0.765143992055611 0.854700854700855 0.770109235352532 0.876678876678877 0.778550148957299 0.884004884004884 0.825719960278054 0.866910866910867 0.829195630585899 0.84004884004884 0.829195630585899 0.805860805860806 0.829195630585899 0.775335775335775 0.829692154915591 0.73992673992674 0.827706057596822 0.72039072039072 0.826713008937438 0.705738705738706 0.822244289970209 0.702075702075702 0.822244289970209 0.681318681318681 0.829692154915591 0.661782661782662 0.833664349553128 0.64957264957265
0 0.960278053624628 0.543345543345543 0.932472691161867 0.533577533577534 0.9240317775571 0.53968253968254 0.920556107249255 0.56043956043956 0.918073485600794 0.572649572649573 0.91708043694141 0.595848595848596 0.918073485600794 0.610500610500611 0.917576961271102 0.628815628815629 0.916583912611718 0.645909645909646 0.913604766633565 0.665445665445666 0.908639523336644 0.676434676434676 0.902681231380338 0.683760683760684 0.890268123138034 0.692307692307692 0.890268123138034 0.748473748473748 0.887785501489573 0.804639804639805 0.888778550148957 0.825396825396825 0.890268123138034 0.855921855921856 0.892750744786495 0.882783882783883 0.897219463753724 0.893772893772894 0.943396226415094 0.896214896214896 0.948857994041708 0.877899877899878 0.949851042701092 0.846153846153846 0.950844091360477 0.787545787545788 0.948361469712016 0.750915750915751 0.945382323733863 0.747252747252747 0.944389275074479 0.708180708180708 0.952830188679245 0.693528693528694 0.958291956305859 0.68009768009768 0.96077457795432 0.656898656898657
0 0.542204568023833 0.493284493284493 0.547666335650447 0.498168498168498 0.548162859980139 0.507936507936508 0.556107249255213 0.507936507936508 0.562562065541212 0.515262515262515 0.563555114200596 0.534798534798535 0.562562065541212 0.554334554334554 0.560079443892751 0.56043956043956 0.547169811320755 0.562881562881563 0.544687189672294 0.573870573870574 0.542204568023833 0.576312576312576 0.542204568023833 0.621489621489622 0.547666335650447 0.631257631257631 0.555114200595829 0.63980463980464 0.562065541211519 0.643467643467644 0.57149950347567 0.650793650793651 0.56901688182721 0.660561660561661 0.571002979145978 0.697191697191697 0.577954319761668 0.695970695970696 0.576961271102284 0.711843711843712 0.572989076464747 0.724053724053724 0.570506454816286 0.746031746031746 0.572492552135055 0.782661782661783 0.571996027805363 0.796092796092796 0.571002979145978 0.819291819291819 0.571002979145978 0.838827838827839 0.566037735849057 0.871794871794872 0.559086395233366 0.88034188034188 0.507447864945382 0.877899877899878 0.506454816285998 0.847374847374847 0.507447864945382 0.808302808302808 0.508440913604767 0.766788766788767 0.508440913604767 0.735042735042735 0.512413108242304 0.717948717948718 0.512909632571996 0.691086691086691 0.51837140019861 0.681318681318681 0.539721946375372 0.673992673992674
