2 0.758192651439921 0.159798994974874 0.995531281032771 0.21105527638191 0.998013902681231 0.244221105527638 0.966732869910626 0.550753768844221 0.949851042701092 0.546733668341709 0.9493545183714 0.566834170854271 0.792452830188679 0.520603015075377 0.793445878848064 0.494472361809045 0.769116186693148 0.487437185929648 0.760178748758689 0.468341708542714 0.752234359483615 0.451256281407035 0.743793445878848 0.422110552763819 0.738828202581926 0.347738693467337 0.740317775571003 0.27035175879397 0.745283018867925 0.213065326633166
2 0.519860973187686 0.118592964824121 0.662859980139027 0.146733668341709 0.652929493545184 0.45427135678392 0.528301886792453 0.424120603015075 0.513406156901688 0.366834170854271
2 0.311817279046673 0.0894472361809045 0.394736842105263 0.0964824120603015 0.400695134061569 0.394974874371859 0.317775571002979 0.375879396984925 0.318768619662363 0.343718592964824
2 0.00099304865938431 0.0582914572864322 0.0134061569016882 0.0472361809045226 0.169811320754717 0.0683417085427136 0.186196623634558 0.34070351758794 0.126613704071499 0.333668341708543 0.125124131082423 0.316582914572864 0.117179741807349 0.315577889447236 0.110724925521351 0.326633165829146 0.0228401191658391 0.305527638190955
0 0.149950347567031 0.765829145728643 0.154915590863952 0.747738693467337 0.163356504468719 0.734673366834171 0.178252234359484 0.723618090452261 0.183714001986097 0.733668341708543 0.187189672293942 0.766834170854271 0.19116186693148 0.781909547738693 0.185700099304866 0.78894472361809 0.188679245283019 0.801005025125628 0.192154915590864 0.817085427135678 0.203574975173784 0.823115577889447 0.208540218470705 0.826130653266332 0.214498510427011 0.909547738693467 0.211022840119166 0.928643216080402 0.19811320754717 0.937688442211055 0.185700099304866 0.938693467336683 0.177755710029791 0.868341708542714 0.169314796425025 0.856281407035176 0.159384309831182 0.838190954773869 0.160377358490566 0.823115577889447 0.159384309831182 0.813065326633166 0.154915590863952 0.804020100502513
0 0.118172790466733 0.791959798994975 0.123138033763654 0.778894472361809 0.131082423038729 0.767839195979899 0.139026812313803 0.764824120603015 0.149453823237339 0.766834170854271 0.155412115193644 0.805025125628141 0.160873882820258 0.817085427135678 0.160377358490566 0.831155778894472 0.156405163853029 0.837185929648241 0.156901688182721 0.845226130653266 0.16137040714995 0.863316582914573 0.170307845084409 0.867336683417085 0.175273088381331 0.872361809045226 0.183217477656405 0.958793969849246 0.176266137040715 0.974874371859296 0.163356504468719 0.98391959798995 0.150446871896723 0.984924623115578 0.137040714995035 0.979899497487437 0.132571996027805 0.903517587939699 0.13356504468719 0.897487437185929 0.124131082423039 0.874371859296482
0 0.290466732869911 0.743718592964824 0.295431976166832 0.732663316582915 0.302383316782522 0.720603015075377 0.309334657398212 0.716582914572864 0.316285998013903 0.719597989949749 0.32025819265144 0.755778894472362 0.326216484607746 0.764824120603015 0.326713008937438 0.776884422110553 0.324726911618669 0.785929648241206 0.320754716981132 0.786934673366834 0.322244289970209 0.804020100502513 0.327706057596822 0.81105527638191 0.335650446871897 0.814070351758794 0.34111221449851 0.825125628140704 0.350546176762661 0.888442211055276 0.345084409136048 0.907537688442211 0.337140019860973 0.916582914572864 0.329195630585899 0.919597989949749 0.321747765640516 0.877386934673367 0.312810327706058 0.868341708542714 0.304865938430983 0.866331658291457 0.297914597815293 0.863316582914573 0.293445878848064 0.85427135678392 0.290963257199603 0.839195979899497 0.297418073485601 0.835175879396985 0.300397219463754 0.824120603015075 0.297914597815293 0.815075376884422 0.29493545183714 0.812060301507538 0.289970208540218 0.804020100502513
0 0.261668321747766 0.801005025125628 0.287487586891758 0.765829145728643 0.289970208540218 0.771859296482412 0.289970208540218 0.807035175879397 0.297914597815293 0.813065326633166 0.300893743793446 0.822110552763819 0.300397219463754 0.830150753768844 0.293942403177756 0.835175879396985 0.289970208540218 0.837185929648241 0.290466732869911 0.848241206030151 0.292949354518371 0.858291457286432 0.317279046673287 0.871356783919598 0.322740814299901 0.885427135678392 0.331181727904667 0.966834170854271 0.328699106256207 0.995979899497487 0.302383316782522 0.997989949748744 0.289970208540218 0.932663316582915 0.277060575968222 0.914572864321608 0.273584905660377 0.895477386934673 0.267626613704071 0.887437185929648 0.270605759682224 0.878391959798995 0.271102284011917 0.869346733668342 0.262164846077458 0.860301507537689
0 0.228897715988083 0.847236180904523 0.250744786494538 0.818090452261307 0.258192651439921 0.825125628140704 0.259682224428997 0.844221105527638 0.263654419066534 0.851256281407035 0.262164846077458 0.863316582914573 0.271102284011917 0.868341708542714 0.271102284011917 0.879396984924623 0.268619662363456 0.885427135678392 0.260675273088381 0.887437185929648 0.26266137040715 0.897487437185929 0.266137040714995 0.910552763819095 0.273584905660377 0.914572864321608 0.282522343594836 0.919597989949749 0.289473684210526 0.933668341708543 0.30188679245283 0.996984924623116 0.24875868917577 0.994974874371859 0.241807348560079 0.963819095477387 0.242800397219464 0.95678391959799 0.234856007944389 0.937688442211055
0 0.420556107249255 0.794974874371859 0.438430983118173 0.764824120603015 0.444389275074479 0.778894472361809 0.444389275074479 0.793969849246231 0.449851042701092 0.798994974874372 0.449851042701092 0.808040201005025 0.458291956305859 0.81608040201005 0.459781529294935 0.831155778894472 0.455312810327706 0.835175879396985 0.445878848063555 0.835175879396985 0.445382323733863 0.845226130653266 0.450347567030784 0.857286432160804 0.455312810327706 0.863316582914573 0.464746772591857 0.866331658291457 0.470705064548163 0.874371859296482 0.477159880834161 0.969849246231156 0.469712015888779 0.98894472361809 0.461271102284012 0.993969849246231 0.450347567030784 0.993969849246231 0.450844091360477 0.931658291457286 0.441410129096326 0.917587939698492 0.429493545183714 0.91356783919598 0.429493545183714 0.898492462311558 0.437934458788481 0.881407035175879 0.435948361469712 0.873366834170854 0.42850049652433 0.865326633165829 0.42154915590864 0.84321608040201
0 0.39622641509434 0.857286432160804 0.419066534260179 0.818090452261307 0.423038728897716 0.825125628140704 0.422542204568024 0.84321608040201 0.429990069513406 0.855276381909548 0.42850049652433 0.863316582914573 0.436444885799404 0.873366834170854 0.436444885799404 0.887437185929648 0.432969215491559 0.893467336683417 0.426514399205561 0.894472361809045 0.423535253227408 0.900502512562814 0.428003972194638 0.910552763819095 0.438430983118173 0.914572864321608 0.445382323733863 0.923618090452261 0.452333664349553 0.935678391959799 0.450844091360477 0.995979899497487 0.413604766633565 0.996984924623116 0.403674280039722 0.973869346733668 0.404667328699106 0.950753768844221 0.410625620655412 0.946733668341709 0.412115193644489 0.931658291457286 0.400695134061569 0.923618090452261 0.401688182720953 0.912562814070352 0.39622641509434 0.907537688442211
0 0.553128103277061 0.839195979899497 0.568023833167825 0.802010050251256 0.574478649453823 0.809045226130653 0.573982125124131 0.839195979899497 0.581429990069513 0.84321608040201 0.581429990069513 0.858291457286432 0.591857000993049 0.863316582914573 0.593346573982125 0.87035175879397 0.590863952333664 0.884422110552764 0.579940417080437 0.883417085427136 0.576961271102284 0.891457286432161 0.577954319761668 0.900502512562814 0.588877855014896 0.907537688442211 0.59682224428997 0.91859296482412 0.597318768619662 0.994974874371859 0.57845084409136 0.994974874371859 0.577457795431976 0.977889447236181 0.555610724925521 0.959798994974874 0.55759682224429 0.947738693467337 0.569513406156902 0.947738693467337 0.573485600794439 0.938693467336683 0.572492552135055 0.927638190954774 0.561072492552135 0.922613065326633 0.560575968222443 0.91356783919598 0.554617676266137 0.909547738693467