1 0.0354609929078014 0.296052631578947 0.0174081237911025 0.305921052631579 0.0219213410702772 0.368421052631579 0.011605415860735 0.37171052631579 0.0122501611863314 0.387335526315789 0.00257898130238556 0.392269736842105 0.00257898130238556 0.404605263157895 0.00580270793036751 0.416118421052632 0.0122501611863314 0.419407894736842 0.0225660863958736 0.421875 0.0270793036750484 0.427631578947368 0.0354609929078014 0.431743421052632 0.0361057382333978 0.450657894736842 0.0270793036750484 0.458881578947368 0.0245003223726628 0.46875 0.0161186331399097 0.472861842105263 0.014829142488717 0.485197368421053 0.0193423597678917 0.495888157894737 0.0257898130238556 0.498355263157895 0.0361057382333978 0.494243421052632 0.0361057382333978 0.504111842105263 0.0251450676982592 0.510690789473684 0.0174081237911025 0.520559210526316 0.0109606705351386 0.530427631578947 0.00967117988394584 0.544407894736842 0.0219213410702772 0.666940789473684 0.0283687943262411 0.673519736842105 0.0393294648613798 0.676809210526316 0.0502901353965184 0.676809210526316 0.0567375886524823 0.676809210526316 0.0528691166989039 0.635690789473684 0.0548033526756931 0.621710526315789 0.0599613152804642 0.611842105263158 0.0670535138620245 0.601973684210526 0.076079948420374 0.597861842105263 0.0799484203739523 0.587993421052632 0.0676982591876209 0.587171052631579 0.0625402965828498 0.582236842105263 0.0599613152804642 0.572368421052632 0.0599613152804642 0.564967105263158 0.0676982591876209 0.559210526315789 0.0747904577691812 0.552631578947368 0.0812379110251451 0.542763157894737 0.0773694390715667 0.504111842105263 0.0657640232108317 0.507401315789474 0.0573823339780787 0.505756578947368 0.0483558994197292 0.5 0.0451321727917473 0.485197368421053 0.049645390070922 0.472861842105263 0.0522243713733076 0.461348684210526 0.0567375886524823 0.453125 0.0651192778852353 0.450657894736842 0.0625402965828498 0.393914473684211 0.0767246937459704 0.386513157894737 0.0754352030947776 0.366776315789474
1 0.0825274016763378 0.384046052631579 0.0631850419084462 0.394736842105263 0.0644745325596389 0.449013157894737 0.0554480980012895 0.453125 0.0528691166989039 0.462993421052632 0.0522243713733076 0.474506578947368 0.04642166344294 0.483552631578947 0.04642166344294 0.5 0.0548033526756931 0.507401315789474 0.0638297872340426 0.509868421052632 0.0773694390715667 0.504111842105263 0.0812379110251451 0.542763157894737 0.0741457124435848 0.552631578947368 0.0657640232108317 0.559210526315789 0.0580270793036751 0.565789473684211 0.0593165699548678 0.574835526315789 0.0631850419084462 0.583059210526316 0.0683430045132173 0.589638157894737 0.0793036750483559 0.588815789473684 0.0767246937459704 0.596217105263158 0.0664087685364281 0.601973684210526 0.0593165699548678 0.613486842105263 0.0541586073500967 0.620888157894737 0.0515796260477112 0.63733552631579 0.0573823339780787 0.683388157894737 0.0593165699548678 0.708881578947368 0.0599613152804642 0.725328947368421 0.0606060606060606 0.738486842105263 0.0638297872340426 0.751644736842105 0.0696324951644101 0.764802631578947 0.0773694390715667 0.770559210526316 0.0851063829787234 0.773026315789474 0.0954223081882656 0.773848684210526 0.103159252095422 0.772203947368421 0.0999355254674404 0.747532894736842 0.099290780141844 0.731907894736842 0.102514506769826 0.716282894736842 0.108317214700193 0.708059210526316 0.116698903932946 0.702302631578947 0.1250805931657 0.698190789473684 0.127659574468085 0.689967105263158 0.119277885235332 0.690789473684211 0.114119922630561 0.685855263157895 0.110251450676983 0.678453947368421 0.10896196002579 0.664473684210526 0.112185686653772 0.657894736842105 0.119922630560928 0.653782894736842 0.12314635718891 0.65296052631579 0.127014829142489 0.638157894736842 0.125725338491296 0.606907894736842 0.115409413281754 0.603618421052632 0.106382978723404 0.601151315789474 0.0999355254674404 0.597039473684211 0.096067053513862 0.587171052631579 0.0954223081882656 0.577302631578947 0.0980012894906512 0.569901315789474 0.0999355254674404 0.559210526315789 0.107672469374597 0.551809210526316 0.116698903932946 0.546875 0.112185686653772 0.479440789473684 0.124435847840103 0.471217105263158 0.12314635718891 0.451480263157895
1 0.128949065119278 0.467927631578947 0.111540941328175 0.480263157894737 0.116698903932946 0.546875 0.10896196002579 0.552631578947368 0.101225016118633 0.560032894736842 0.100580270793037 0.569901315789474 0.096067053513862 0.576480263157895 0.096067053513862 0.588815789473684 0.0986460348162476 0.599506578947368 0.103159252095422 0.606085526315789 0.110251450676983 0.606907894736842 0.126370083816892 0.608552631578947 0.127659574468085 0.63733552631579 0.121212121212121 0.651315789473684 0.110896196002579 0.657072368421053 0.107672469374597 0.66858552631579 0.109606705351386 0.680921052631579 0.113475177304965 0.689967105263158 0.119922630560928 0.694078947368421 0.128304319793682 0.694078947368421 0.124435847840103 0.699835526315789 0.11605415860735 0.703125 0.105093488072211 0.710526315789474 0.100580270793037 0.720394736842105 0.0980012894906512 0.732730263157895 0.099290780141844 0.745888157894737 0.110896196002579 0.850328947368421 0.116698903932946 0.866776315789474 0.124435847840103 0.875 0.132817537072856 0.877467105263158 0.143133462282398 0.879111842105263 0.15538362346873 0.880756578947368 0.15538362346873 0.862664473684211 0.154738878143133 0.846217105263158 0.157317859445519 0.836348684210526 0.16247582205029 0.827302631578947 0.16956802063185 0.820723684210526 0.176660219213411 0.815789473684211 0.183752417794971 0.811677631578947 0.183752417794971 0.805921052631579 0.174081237911025 0.808388157894737 0.166989039329465 0.801809210526316 0.165054803352676 0.793585526315789 0.163765312701483 0.782072368421053 0.166344294003868 0.772203947368421 0.173436492585429 0.767269736842105 0.180528691166989 0.761513157894737 0.186976144422953 0.74671052631579 0.183752417794971 0.722039473684211 0.176015473887814 0.723684210526316 0.170857511283043 0.717927631578947 0.161186331399097 0.717105263157895 0.154738878143133 0.712171052631579 0.148936170212766 0.701480263157895 0.151515151515152 0.693256578947368 0.159896840747905 0.682565789473684 0.16247582205029 0.670230263157895 0.170857511283043 0.663651315789474 0.167633784655061 0.584703947368421 0.176015473887814 0.577302631578947 0.174081237911025 0.535361842105263
1 0.189555125725339 0.572368421052632 0.166989039329465 0.586348684210526 0.17150225660864 0.662828947368421 0.161831076724694 0.669407894736842 0.159896840747905 0.681743421052632 0.152804642166344 0.693256578947368 0.150870406189555 0.704769736842105 0.154094132817537 0.715460526315789 0.159252095422308 0.720394736842105 0.165699548678272 0.721217105263158 0.173436492585429 0.721217105263158 0.177304964539007 0.726973684210526 0.18568665377176 0.725328947368421 0.186976144422953 0.745888157894737 0.181818181818182 0.759868421052632 0.17150225660864 0.767269736842105 0.165054803352676 0.774671052631579 0.163765312701483 0.788651315789474 0.166344294003868 0.800986842105263 0.172791747259832 0.806743421052632 0.185041908446164 0.807565789473684 0.182462927143778 0.8125 0.170857511283043 0.820723684210526 0.160541586073501 0.831414473684211 0.157317859445519 0.84375 0.156028368794326 0.856907894736842 0.157317859445519 0.875822368421053 0.158607350096712 0.969572368421053 0.161186331399097 0.979440789473684 0.166344294003868 0.989309210526316 0.17150225660864 0.995888157894737 0.184397163120567 0.997532894736842 0.24113475177305 1 0.237911025145068 0.904605263157895 0.246937459703417 0.905427631578947 0.259832366215345 0.890625 0.242424242424242 0.658717105263158
1 0.306898774983881 0.192434210526316 0.292069632495164 0.203125 0.294003868471954 0.253289473684211 0.290780141843972 0.259868421052632 0.290780141843972 0.267269736842105 0.282398452611219 0.272203947368421 0.280464216634429 0.28125 0.281108961960026 0.291118421052632 0.284977433913604 0.297697368421053 0.290780141843972 0.301809210526316 0.299161831076725 0.300164473684211 0.299161831076725 0.330592105263158 0.29464861379755 0.337171052631579 0.293359123146357 0.346217105263158 0.286266924564797 0.351151315789474 0.284332688588008 0.361842105263158 0.286911669890393 0.370065789473684 0.290780141843972 0.375822368421053 0.303030303030303 0.372532894736842 0.301096067053514 0.381578947368421 0.295293359123146 0.390625 0.286911669890393 0.397203947368421 0.279819471308833 0.404605263157895 0.274661508704062 0.415296052631579 0.275950999355255 0.514802631578947 0.283687943262411 0.523026315789474 0.295938104448743 0.524671052631579 0.304319793681496 0.527138157894737 0.319148936170213 0.526315789473684 0.318504190844616 0.490953947368421 0.321727917472598 0.477796052631579 0.326241134751773 0.46875 0.332688588007737 0.463815789473684 0.343649258542876 0.458059210526316 0.334622823984526 0.453947368421053 0.328820116054159 0.449835526315789 0.325596389426177 0.438322368421053 0.325596389426177 0.430098684210526 0.330109606705351 0.422697368421053 0.337846550612508 0.416940789473684 0.346872985170858 0.412828947368421 0.345583494519665 0.377467105263158 0.338491295938104 0.377467105263158 0.331399097356544 0.373355263157895 0.328175370728562 0.363486842105263 0.328175370728562 0.354440789473684 0.330754352030948 0.347039473684211 0.336557059961315 0.341282894736842 0.34107027724049 0.333881578947368 0.348807221147647 0.316611842105263 0.348807221147647 0.268092105263158 0.358478401031593 0.258223684210526
1 0.36428110896196 0.266447368421053 0.34816247582205 0.270559210526316 0.349451966473243 0.321546052631579 0.34107027724049 0.333059210526316 0.335912314635719 0.34375 0.329464861379755 0.354440789473684 0.329464861379755 0.365953947368421 0.331399097356544 0.375 0.338491295938104 0.379111842105263 0.344938749194068 0.379111842105263 0.346872985170858 0.410361842105263 0.334622823984526 0.41858552631579 0.326241134751773 0.428453947368421 0.324306898774984 0.441611842105263 0.328175370728562 0.452302631578947 0.334622823984526 0.456414473684211 0.343004513217279 0.460526315789474 0.326885880077369 0.467927631578947 0.321727917472598 0.478618421052632 0.318504190844616 0.490131578947368 0.315925209542231 0.577302631578947 0.326885880077369 0.587171052631579 0.332043842682141 0.598684210526316 0.336557059961315 0.609375 0.337201805286912 0.624177631578947 0.335912314635719 0.631578947368421 0.34816247582205 0.634868421052632 0.359767891682785 0.631578947368421 0.370083816892328 0.628289473684211 0.38039974210187 0.620065789473684 0.382978723404255 0.560032894736842 0.399742101869762 0.550164473684211 0.406189555125725 0.545230263157895 0.404900064474533 0.534539473684211 0.39651837524178 0.532894736842105 0.39458413926499 0.525493421052632 0.393939393939394 0.510690789473684 0.399097356544165 0.499177631578947 0.405544809800129 0.490953947368421 0.404255319148936 0.455592105263158 0.395873629916183 0.456414473684211 0.390070921985816 0.450657894736842 0.38749194068343 0.4375 0.392649903288201 0.423519736842105 0.401676337846551 0.41858552631579 0.404255319148936 0.347039473684211 0.416505480335268 0.337993421052632
1 0.422308188265635 0.337171052631579 0.40361057382334 0.349506578947368 0.401031592520954 0.417763157894737 0.392649903288201 0.422697368421053 0.388136686009026 0.435855263157895 0.388136686009026 0.451480263157895 0.393939393939394 0.458059210526316 0.406189555125725 0.457236842105263 0.406189555125725 0.490953947368421 0.399097356544165 0.499177631578947 0.393294648613798 0.509046052631579 0.393939393939394 0.523848684210526 0.39651837524178 0.535361842105263 0.404900064474533 0.536184210526316 0.407479045776918 0.547697368421053 0.39458413926499 0.555098684210526 0.383623468729852 0.561677631578947 0.382978723404255 0.577302631578947 0.382978723404255 0.606085526315789 0.38039974210187 0.694901315789474 0.390070921985816 0.700657894736842 0.402965828497743 0.703947368421053 0.424242424242424 0.700657894736842 0.435847840103159 0.697368421052632 0.44294003868472 0.695723684210526 0.444229529335912 0.664473684210526 0.446163765312702 0.646381578947368 0.453255963894262 0.636513157894737 0.464861379754997 0.625 0.460992907801418 0.616776315789474 0.460992907801418 0.599506578947368 0.468729851708575 0.590460526315789 0.471953578336557 0.586348684210526 0.470664087685364 0.545230263157895 0.462282398452611 0.542763157894737 0.459058671824629 0.532894736842105 0.458413926499033 0.521381578947368 0.460348162475822 0.513157894736842 0.469374597034172 0.509046052631579 0.47324306898775 0.410361842105263 0.47324306898775 0.402960526315789
1 0.491295938104449 0.415296052631579 0.471953578336557 0.425986842105263 0.470019342359768 0.509046052631579 0.459703417150226 0.516447368421053 0.457769181173437 0.527960526315789 0.459703417150226 0.537828947368421 0.463571889103804 0.546052631578947 0.471308833010961 0.546875 0.471953578336557 0.584703947368421 0.460992907801418 0.599506578947368 0.460992907801418 0.612664473684211 0.4642166344294 0.625 0.453900709219858 0.634868421052632 0.446163765312702 0.648848684210526 0.44294003868472 0.665296052631579 0.441650548033527 0.697368421052632 0.44100580270793 0.734375 0.442295293359123 0.772203947368421 0.443584784010316 0.778782894736842 0.451321727917473 0.787006578947368 0.463571889103804 0.793585526315789 0.475177304964539 0.796052631578947 0.48742746615087 0.796875 0.500322372662798 0.794407894736842 0.513217279174726 0.788651315789474 0.517085751128304 0.723684210526316 0.531270148291425 0.719572368421053 0.545454545454546 0.703947368421053 0.549323017408124 0.483552631578947
1 0.532818532818533 0.0985221674876847 0.521235521235521 0.104269293924466 0.51994851994852 0.165024630541872 0.516087516087516 0.173234811165846 0.515444015444015 0.183908045977011 0.51994851994852 0.195402298850575 0.519305019305019 0.237274220032841 0.511583011583012 0.24384236453202 0.51029601029601 0.258620689655172 0.515444015444015 0.266009852216749 0.51994851994852 0.267651888341543 0.521235521235521 0.284072249589491 0.512226512226512 0.291461412151067 0.505148005148005 0.301313628899836 0.504504504504504 0.314449917898194 0.546975546975547 0.363711001642036 0.548906048906049 0.353858784893268 0.551480051480051 0.346469622331691 0.571428571428571 0.347290640394089 0.581724581724582 0.140394088669951
1 0.594594594594595 0.154351395730706 0.581724581724582 0.164203612479475 0.571428571428571 0.344827586206897 0.566280566280566 0.354679802955665 0.561132561132561 0.362068965517241 0.55984555984556 0.379310344827586 0.6003861003861 0.425287356321839 0.606177606177606 0.417077175697865 0.611325611325611 0.410509031198686 0.616473616473616 0.408045977011494 0.626769626769627 0.412151067323481 0.635135135135135 0.399014778325123 0.651222651222651 0.205254515599343
1 0.664736164736165 0.217569786535304 0.648648648648649 0.226600985221675 0.632561132561133 0.412972085385878 0.626126126126126 0.420361247947455 0.61969111969112 0.430213464696223 0.616473616473616 0.438423645320197 0.622265122265122 0.458128078817734 0.627413127413127 0.467159277504105 0.637065637065637 0.474548440065681 0.643500643500644 0.48111658456486 0.64993564993565 0.489326765188834 0.664736164736165 0.504926108374384 0.671171171171171 0.473727422003284 0.68983268983269 0.472085385878489 0.702059202059202 0.472085385878489 0.723938223938224 0.273399014778325
1 0.737451737451737 0.286535303776683 0.723294723294723 0.298029556650246 0.700772200772201 0.488505747126437 0.693050193050193 0.5 0.686615186615187 0.511494252873563 0.684041184041184 0.527914614121511 0.735521235521235 0.585385878489327 0.739382239382239 0.572249589490969 0.741956241956242 0.559934318555008 0.749034749034749 0.555008210180624 0.757400257400257 0.555829228243021 0.777992277992278 0.55008210180624 0.808236808236808 0.345648604269294