0 0.0625620655412115 0.667177914110429 0.0804369414101291 0.579754601226994 0.100297914597815 0.615030674846626 0.099304865938431 0.630368098159509 0.114200595829196 0.641104294478528 0.114200595829196 0.670245398773006 0.125124131082423 0.667177914110429 0.132571996027805 0.668711656441718 0.142005958291956 0.68558282208589 0.15888778550149 0.776073619631902 0.115690168818272 0.868098159509203 0.0963257199602781 0.776073619631902 0.083416087388282 0.757668711656442 0.0774577954319762 0.73159509202454
0 0.0858987090367428 0.512269938650307 0.0998013902681231 0.43558282208589 0.107745779543198 0.438650306748466 0.123634558093347 0.473926380368098 0.125124131082423 0.49079754601227 0.135551142005958 0.5 0.135054617676266 0.521472392638037 0.136544190665343 0.53680981595092 0.149453823237339 0.547546012269939 0.171300893743793 0.599693251533742 0.143495531281033 0.687116564417178 0.122641509433962 0.627300613496933 0.11519364448858 0.616564417177914 0.105759682224429 0.598159509202454
0 0.206057596822244 0.631901840490798 0.219463753723932 0.54601226993865 0.235849056603774 0.553680981595092 0.235352532274081 0.569018404907976 0.243296921549156 0.584355828220859 0.242303872889772 0.605828220858896 0.256703078450844 0.611963190184049 0.256703078450844 0.641104294478528 0.250248262164846 0.650306748466258 0.261668321747766 0.659509202453988 0.275571002979146 0.670245398773006 0.28798411122145 0.705521472392638 0.297914597815293 0.835889570552147 0.244786494538232 0.903374233128834 0.236345580933466 0.840490797546012 0.228401191658391 0.742331288343558 0.219960278053625 0.708588957055215
0 0.227904667328699 0.492331288343558 0.238828202581926 0.394171779141104 0.24428997020854 0.400306748466258 0.249751737835154 0.409509202453988 0.247765640516385 0.42638036809816 0.257199602780536 0.432515337423313 0.258689175769613 0.450920245398773 0.274577954319762 0.460122699386503 0.279046673286991 0.476993865030675 0.27656405163853 0.5 0.270605759682224 0.504601226993865 0.285501489572989 0.521472392638037 0.29493545183714 0.533742331288344 0.310824230387289 0.628834355828221 0.282522343594836 0.68558282208589 0.27408142999007 0.667177914110429 0.266137040714995 0.661042944785276 0.264150943396226 0.608895705521472 0.252730883813307 0.590490797546012
0 0.24428997020854 0.346625766871166 0.256206554121152 0.25920245398773 0.271598808341609 0.297546012269939 0.27656405163853 0.303680981595092 0.277557100297915 0.317484662576687 0.290466732869911 0.319018404907975 0.290466732869911 0.352760736196319 0.283018867924528 0.358895705521472 0.302879841112215 0.366564417177914 0.30883813306852 0.380368098159509 0.322740814299901 0.495398773006135 0.299404170804369 0.542944785276074 0.28103277060576 0.460122699386503 0.267130089374379 0.438650306748466 0.261668321747766 0.424846625766871 0.256206554121152 0.401840490797546
0 0.385799404170804 0.625766871165644 0.392254220456802 0.503067484662577 0.40317775571003 0.50920245398773 0.406653426017875 0.539877300613497 0.421052631578947 0.549079754601227 0.4240317775571 0.573619631901841 0.437934458788481 0.587423312883436 0.436941410129096 0.611963190184049 0.42850049652433 0.619631901840491 0.453326713008937 0.631901840490798 0.461271102284012 0.645705521472393 0.481132075471698 0.780674846625767 0.475173783515392 0.819018404907975 0.467229394240318 0.845092024539877 0.447368421052632 0.866564417177914 0.437437934458788 0.861963190184049 0.427010923535253 0.840490797546012 0.405660377358491 0.734662576687117 0.403674280039722 0.705521472392638
0 0.409632571996028 0.323619631901841 0.420059582919563 0.225460122699387 0.425521350546177 0.220858895705521 0.433962264150943 0.25920245398773 0.441906653426018 0.260736196319018 0.44240317775571 0.279141104294479 0.458788480635551 0.282208588957055 0.459285004965243 0.315950920245399 0.448361469712016 0.319018404907975 0.46772591857001 0.337423312883436 0.475173783515392 0.348159509202454 0.479145978152929 0.371165644171779 0.490566037735849 0.498466257668712 0.48609731876862 0.52760736196319 0.478152929493545 0.539877300613497 0.467229394240318 0.48159509202454 0.459285004965243 0.466257668711657 0.451340615690169 0.458588957055215 0.446375372393247 0.421779141104295 0.436444885799404 0.409509202453988 0.42850049652433 0.395705521472393 0.423038728897716 0.363496932515337
0 0.400198609731877 0.467791411042945 0.410625620655412 0.354294478527607 0.420059582919563 0.371165644171779 0.42154915590864 0.397239263803681 0.432472691161867 0.406441717791411 0.431479642502483 0.421779141104295 0.446871896722939 0.420245398773006 0.449851042701092 0.447852760736196 0.447864945382324 0.469325153374233 0.437934458788481 0.473926380368098 0.45382323733863 0.480061349693252 0.463257199602781 0.483128834355828 0.471201588877855 0.507668711656442 0.485104270109235 0.639570552147239 0.483118172790467 0.667177914110429 0.479642502482622 0.688650306748466 0.470208540218471 0.70398773006135 0.46077457795432 0.645705521472393 0.452830188679245 0.630368098159509 0.438430983118173 0.624233128834356 0.437437934458788 0.585889570552147 0.426017874875869 0.573619631901841 0.422045680238332 0.547546012269939 0.412115193644489 0.53680981595092 0.407646474677259 0.503067484662577
0 0.567030784508441 0.28680981595092 0.572989076464747 0.180981595092025 0.577457795431976 0.188650306748466 0.57845084409136 0.210122699386503 0.593843098311817 0.22239263803681 0.595332671300894 0.239263803680982 0.610724925521351 0.243865030674847 0.610724925521351 0.274539877300614 0.59682224428997 0.280674846625767 0.597815292949355 0.299079754601227 0.60824230387289 0.300613496932515 0.614697120158888 0.30521472392638 0.621151936444886 0.317484662576687 0.6266137040715 0.335889570552147 0.637040714995035 0.423312883435583 0.63604766633565 0.489263803680982 0.6266137040715 0.503067484662577 0.61519364448858 0.467791411042945 0.599801390268123 0.450920245398773 0.592353525322741 0.441717791411043 0.604270109235353 0.438650306748466 0.607249255213505 0.427914110429448 0.606752730883813 0.401840490797546 0.605263157894737 0.388036809815951 0.594339622641509 0.388036809815951 0.591360476663357 0.372699386503068 0.587884806355511 0.361963190184049 0.580436941410129 0.366564417177914
0 0.563555114200596 0.455521472392638 0.56454816285998 0.351226993865031 0.569513406156902 0.337423312883436 0.57845084409136 0.369631901840491 0.590367428003972 0.371165644171779 0.58987090367428 0.389570552147239 0.605263157894737 0.389570552147239 0.607249255213505 0.407975460122699 0.607249255213505 0.427914110429448 0.60377358490566 0.437116564417178 0.590863952333664 0.438650306748466 0.6012909632572 0.45398773006135 0.614697120158888 0.464723926380368 0.624131082423039 0.493865030674847 0.627606752730884 0.526073619631902 0.634061569016882 0.581288343558282 0.63356504468719 0.627300613496933 0.631082423038729 0.650306748466258 0.625124131082423 0.657975460122699 0.622641509433962 0.625766871165644 0.617676266137041 0.604294478527607 0.604766633565045 0.598159509202454 0.603277060575968 0.578220858895706 0.601787487586892 0.55521472392638 0.598808341608739 0.54601226993865 0.584905660377358 0.541411042944785 0.583912611717974 0.530674846625767 0.577954319761668 0.52760736196319
0 0.553128103277061 0.579754601226994 0.558589870903674 0.476993865030675 0.568023833167825 0.523006134969325 0.585898709036743 0.52760736196319 0.585898709036743 0.544478527607362 0.601787487586892 0.552147239263804 0.602284011916584 0.587423312883436 0.588381330685204 0.587423312883436 0.58987090367428 0.599693251533742 0.608738828202582 0.604294478527607 0.619662363455809 0.611963190184049 0.624131082423039 0.659509202453988 0.630089374379345 0.763803680981595 0.6266137040715 0.79601226993865 0.618669314796425 0.822085889570552 0.60824230387289 0.837423312883436 0.591360476663357 0.840490797546012 0.577457795431976 0.823619631901841 0.56454816285998 0.733128834355828 0.567030784508441 0.696319018404908
0 0.751737835153922 0.539877300613497 0.750744786494538 0.461656441717791 0.754716981132075 0.461656441717791 0.763654419066534 0.513803680981595 0.777557100297915 0.513803680981595 0.777060575968222 0.523006134969325 0.796425024826217 0.519938650306749 0.795431976166832 0.547546012269939 0.780039721946375 0.550613496932515 0.780536246276068 0.576687116564417 0.786991062562066 0.587423312883436 0.793942403177756 0.593558282208589 0.799900695134062 0.608895705521472 0.805362462760675 0.624233128834356 0.810327706057597 0.664110429447853 0.805362462760675 0.834355828220859 0.785501489572989 0.842024539877301 0.773088381330685 0.843558282208589 0.762164846077458 0.834355828220859 0.752730883813307 0.812883435582822 0.750744786494538 0.707055214723927 0.754716981132075 0.682515337423313
