1 0.0320307495195388 0.275493421052632 0.0166559897501602 0.283717105263158 0.0192184497117233 0.338815789473684 0.0140935297885971 0.347861842105263 0.0128122998078155 0.361019736842105 0.0153747597693786 0.375822368421053 0.0172966047405509 0.385690789473684 0.0224215246636771 0.391447368421053 0.0294682895579757 0.395559210526316 0.0294682895579757 0.427631578947368 0.0243433696348495 0.439144736842105 0.0249839846252402 0.451480263157895 0.0262652146060218 0.461348684210526 0.0333119795003203 0.467105263157895 0.0397181294042281 0.469572368421053 0.0390775144138373 0.487664473684211 0.0237027546444587 0.491776315789474 0.0166559897501602 0.499177631578947 0.00896860986547085 0.504111842105263 0.00128122998078155 0.517269736842105 0 0.640625 0.0051249199231262 0.645559210526316 0.0166559897501602 0.650493421052632 0.025624599615631 0.650493421052632 0.0358744394618834 0.652138157894737 0.0377962844330557 0.606907894736842 0.0377962844330557 0.594572368421053 0.0422805893657912 0.584703947368421 0.0506085842408712 0.574835526315789 0.0614990390775144 0.569078947368421 0.0717488789237668 0.564967105263158 0.0781550288276746 0.561677631578947 0.0781550288276746 0.555098684210526 0.0685458039718129 0.554276315789474 0.0634208840486867 0.541940789473684 0.0621396540679052 0.528782894736842 0.0608584240871236 0.514802631578947 0.0621396540679052 0.503289473684211 0.0685458039718129 0.494243421052632 0.0672645739910314 0.477796052631579 0.0602178090967329 0.474506578947368 0.0550928891736067 0.465460526315789 0.051249199231262 0.448190789473684 0.051249199231262 0.429276315789474 0.0538116591928251 0.415296052631579 0.062780269058296 0.402138157894737 0.0589365791159513 0.345394736842105 0.0736707238949391 0.335526315789474
1 0.0775144138372838 0.337171052631579 0.0582959641255605 0.346217105263158 0.0621396540679052 0.401315789473684 0.0550928891736067 0.414473684210526 0.051249199231262 0.430921052631579 0.0506085842408712 0.448190789473684 0.0544522741832159 0.46875 0.0602178090967329 0.475328947368421 0.0691864189622037 0.479440789473684 0.0691864189622037 0.492598684210526 0.0614990390775144 0.502467105263158 0.0608584240871236 0.519736842105263 0.0621396540679052 0.541940789473684 0.0685458039718129 0.555921052631579 0.0775144138372838 0.555921052631579 0.076873798846893 0.563322368421053 0.071108263933376 0.566611842105263 0.057014734144779 0.573190789473684 0.0467648942985266 0.579769736842105 0.0384368994234465 0.592105263157895 0.0365150544522742 0.607730263157895 0.0365150544522742 0.710526315789474 0.0409993593850096 0.717927631578947 0.0493273542600897 0.724506578947368 0.057014734144779 0.728618421052632 0.0653427290198591 0.729440789473684 0.0743113388853299 0.729440789473684 0.0896860986547085 0.730263157894737 0.0877642536835362 0.712171052631579 0.0871236386931454 0.698190789473684 0.0909673286354901 0.682565789473684 0.0973734785393978 0.670230263157895 0.103779628443306 0.662828947368421 0.114029468289558 0.657072368421053 0.121076233183856 0.651315789473684 0.116591928251121 0.641447368421053 0.108904548366432 0.639802631578947 0.103779628443306 0.631578947368421 0.0992953235105701 0.620065789473684 0.0992953235105701 0.606907894736842 0.100576553491352 0.590460526315789 0.105060858424087 0.580592105263158 0.11531069827034 0.573190789473684 0.113388853299167 0.539473684210526 0.106982703395259 0.539473684210526 0.103139013452915 0.532894736842105 0.0986547085201794 0.519736842105263 0.0973734785393978 0.505756578947368 0.0973734785393978 0.490953947368421 0.101217168481742 0.483552631578947 0.106342088404869 0.476973684210526 0.101217168481742 0.416940789473684 0.119795003203075 0.407072368421053
1 0.12427930813581 0.403782894736842 0.101217168481742 0.418585526315789 0.106982703395259 0.477796052631579 0.101217168481742 0.485197368421053 0.0960922485586163 0.495065789473684 0.0960922485586163 0.509868421052632 0.0980140935297886 0.522203947368421 0.100576553491352 0.530427631578947 0.104420243433696 0.538651315789474 0.112107623318386 0.541940789473684 0.11595131326073 0.573190789473684 0.106342088404869 0.579769736842105 0.101857783472133 0.589638157894737 0.0980140935297886 0.601973684210526 0.0973734785393978 0.618421052631579 0.101217168481742 0.631578947368421 0.105701473414478 0.638980263157895 0.117873158231903 0.643914473684211 0.122357463164638 0.651315789473684 0.112107623318386 0.657894736842105 0.101857783472133 0.666118421052632 0.0948110185778347 0.675986842105263 0.0896860986547085 0.6875 0.0864830237027546 0.704769736842105 0.088404868673927 0.720394736842105 0.0960922485586163 0.795230263157895 0.0992953235105701 0.802631578947368 0.105060858424087 0.809210526315789 0.112107623318386 0.8125 0.118513773222293 0.813322368421053 0.12427930813581 0.814144736842105 0.136450992953235 0.814967105263158 0.137091607943626 0.793585526315789 0.139013452914798 0.777960526315789 0.144778987828315 0.763157894736842 0.153106982703395 0.759868421052632 0.16527866752082 0.753289473684211 0.175528507367072 0.747532894736842 0.175528507367072 0.738486842105263 0.165919282511211 0.736019736842105 0.159513132607303 0.728618421052632 0.15695067264574 0.71875 0.155028827674568 0.705592105263158 0.154388212684177 0.689967105263158 0.154388212684177 0.680098684210526 0.157591287636131 0.670230263157895 0.167841127482383 0.664473684210526 0.16527866752082 0.631578947368421 0.158872517616912 0.627467105263158 0.153747597693786 0.620065789473684 0.149263292761051 0.606085526315789 0.147982062780269 0.592105263157895 0.147982062780269 0.578947368421053 0.151185137732223 0.569078947368421 0.15695067264574 0.563322368421053 0.153747597693786 0.497532894736842 0.16527866752082 0.491776315789474 0.163356822549648 0.460526315789474
1 0.174887892376682 0.487664473684211 0.154388212684177 0.497532894736842 0.157591287636131 0.564144736842105 0.150544522741832 0.570723684210526 0.146700832799488 0.581414473684211 0.147982062780269 0.599506578947368 0.149903907751441 0.613486842105263 0.155028827674568 0.624177631578947 0.160794362588085 0.630756578947368 0.165919282511211 0.634046052631579 0.167200512491992 0.665296052631579 0.15695067264574 0.669407894736842 0.155028827674568 0.683388157894737 0.153106982703395 0.697368421052632 0.154388212684177 0.712171052631579 0.15695067264574 0.723684210526316 0.162716207559257 0.735197368421053 0.168481742472774 0.737664473684211 0.176809737347854 0.737664473684211 0.176169122357463 0.745888157894737 0.154388212684177 0.759868421052632 0.142857142857143 0.767269736842105 0.137732222934017 0.782894736842105 0.135810377962844 0.795230263157895 0.146700832799488 0.893914473684211 0.14862267777066 0.905427631578947 0.155669442664958 0.912828947368421 0.164638052530429 0.916118421052632 0.176169122357463 0.916118421052632 0.187059577194106 0.916118421052632 0.199231262011531 0.910361842105263 0.207559256886611 0.903782894736842 0.213965406790519 0.891447368421053 0.217168481742473 0.881578947368421 0.217168481742473 0.872532894736842 0.210121716848174 0.835526315789474 0.233183856502242 0.841282894736842 0.250480461242793 0.826480263157895 0.228699551569507 0.558388157894737
1 0.301089045483664 0.182565789473684 0.285714285714286 0.190789473684211 0.286995515695067 0.239309210526316 0.283151825752723 0.253289473684211 0.283151825752723 0.266447368421053 0.285714285714286 0.277138157894737 0.291479820627803 0.284539473684211 0.29788597053171 0.287828947368421 0.301729660474055 0.290296052631579 0.303010890454837 0.309210526315789 0.295964125560538 0.314967105263158 0.28891736066624 0.320723684210526 0.286354900704676 0.330592105263158 0.284433055733504 0.339638157894737 0.285714285714286 0.348684210526316 0.288276745675849 0.356907894736842 0.290839205637412 0.363486842105263 0.296604740550929 0.370065789473684 0.303651505445227 0.372532894736842 0.290839205637412 0.377467105263158 0.282511210762332 0.384868421052632 0.270980140935298 0.394736842105263 0.265214606021781 0.40625 0.262652146060218 0.417763157894737 0.259449071108264 0.428453947368421 0.265855221012172 0.447368421052632 0.301089045483664 0.494243421052632 0.307495195387572 0.491776315789474 0.308776425368354 0.470394736842105 0.308776425368354 0.461348684210526 0.312620115310698 0.452302631578947 0.319666880204997 0.448190789473684 0.325432415118514 0.447368421052632 0.337604099935938 0.440789473684211 0.331197950032031 0.241776315789474 0.349135169762972 0.231907894736842
1 0.351697629724536 0.232730263157895 0.331197950032031 0.242598684210526 0.338244714926329 0.441611842105263 0.324151185137732 0.447368421052632 0.315182575272261 0.453947368421053 0.310057655349135 0.462993421052632 0.307495195387572 0.472039473684211 0.307495195387572 0.490131578947368 0.308135810377963 0.498355263157895 0.316463805253043 0.532894736842105 0.32222934016656 0.544407894736842 0.331197950032031 0.558388157894737 0.33888532991672 0.568256578947368 0.344010249839846 0.576480263157895 0.370275464445868 0.550164473684211 0.367072389493914 0.536184210526316 0.365150544522742 0.527960526315789 0.362588084561179 0.515625 0.368353619474696 0.512335526315789 0.376040999359385 0.515625 0.385009609224856 0.518914473684211 0.402946828955798 0.508223684210526 0.401665598975016 0.497532894736842 0.395900064061499 0.492598684210526 0.391415759128764 0.481907894736842 0.387572069186419 0.467927631578947 0.386931454196028 0.454769736842105 0.390134529147982 0.444078947368421 0.393337604099936 0.436677631578947 0.39654067905189 0.428453947368421 0.395259449071108 0.402960526315789 0.390775144138373 0.397203947368421 0.387572069186419 0.385690789473684 0.387572069186419 0.373355263157895 0.387572069186419 0.359375 0.392056374119154 0.350328947368421 0.391415759128764 0.300986842105263 0.405509288917361 0.291940789473684
1 0.408071748878924 0.291940789473684 0.391415759128764 0.302631578947368 0.391415759128764 0.350328947368421 0.386931454196028 0.361019736842105 0.386290839205637 0.374177631578947 0.386290839205637 0.389802631578947 0.390134529147982 0.400493421052632 0.39654067905189 0.40625 0.395900064061499 0.428453947368421 0.390775144138373 0.439144736842105 0.386290839205637 0.449835526315789 0.386290839205637 0.461348684210526 0.386290839205637 0.472039473684211 0.389493914157591 0.482730263157895 0.395259449071108 0.493421052631579 0.40486867392697 0.500822368421053 0.417680973734785 0.496710526315789 0.413837283792441 0.508223684210526 0.397181294042281 0.514802631578947 0.385009609224856 0.525493421052632 0.378603459320948 0.532072368421053 0.373478539397822 0.539473684210526 0.370916079436259 0.552631578947368 0.37155669442665 0.613486842105263 0.423446508648302 0.685032894736842 0.431133888532992 0.685032894736842 0.42985265855221 0.665296052631579 0.428571428571429 0.650493421052632 0.428571428571429 0.634046052631579 0.431774503523382 0.624177631578947 0.436258808456118 0.610197368421053 0.441383728379244 0.597861842105263 0.45483664317745 0.587993421052632 0.466367713004484 0.578947368421053 0.465727098014094 0.571546052631579 0.461242793081358 0.565789473684211 0.458039718129404 0.555921052631579 0.455477258167841 0.544407894736842 0.455477258167841 0.533717105263158 0.458039718129404 0.520559210526316 0.464445868033312 0.516447368421053 0.46316463805253 0.478618421052632 0.458680333119795 0.472039473684211 0.45483664317745 0.462171052631579 0.452914798206278 0.453947368421053 0.452274183215887 0.444901315789474 0.453555413196669 0.433388157894737 0.460602178090967 0.422697368421053 0.46252402306214 0.339638157894737
1 0.477258167841127 0.356085526315789 0.461242793081358 0.365131578947368 0.461242793081358 0.423519736842105 0.45419602818706 0.430921052631579 0.451633568225496 0.443256578947368 0.450992953235106 0.454769736842105 0.452914798206278 0.462993421052632 0.456117873158232 0.46875 0.459320948110186 0.476973684210526 0.465086483023703 0.481085526315789 0.464445868033312 0.514802631578947 0.458039718129404 0.522203947368421 0.45483664317745 0.534539473684211 0.45483664317745 0.543585526315789 0.455477258167841 0.555098684210526 0.458039718129404 0.561677631578947 0.461883408071749 0.572368421052632 0.466367713004484 0.575657894736842 0.463805253042921 0.583881578947368 0.450992953235106 0.592927631578947 0.442024343369635 0.602796052631579 0.434336963484946 0.611019736842105 0.430493273542601 0.623355263157895 0.427930813581038 0.634868421052632 0.429212043561819 0.690789473684211 0.479820627802691 0.759868421052632 0.491351697629724 0.753289473684211 0.499039077514414 0.745065789473684 0.499679692504805 0.712993421052632 0.491992312620115 0.702302631578947 0.490070467648943 0.682565789473684 0.492632927610506 0.673519736842105 0.503523382447149 0.673519736842105 0.516976297245356 0.675164473684211 0.534272901985906 0.667763157894737 0.534913516976297 0.418585526315789
1 0.5208199871877 0.0953947368421053 0.506726457399103 0.105263157894737 0.509288917360666 0.279605263157895 0.506085842408712 0.287006578947368 0.563741191543882 0.339638157894737 0.571428571428571 0.137335526315789
1 0.582959641255605 0.144736842105263 0.569506726457399 0.158717105263158 0.562459961563101 0.339638157894737 0.617552850736707 0.397203947368421 0.616912235746316 0.399671052631579 0.631646380525304 0.200657894736842 0.637411915438821 0.1875
1 0.641255605381166 0.189144736842105 0.629724535554132 0.200657894736842 0.617552850736707 0.399671052631579 0.687379884689302 0.462993421052632 0.704035874439462 0.236019736842105
1 0.715566944266496 0.241776315789474 0.702114029468289 0.250822368421053 0.686739269698911 0.465460526315789 0.761691223574632 0.527960526315789 0.763613068545804 0.500822368421053 0.767456758488149 0.489309210526316 0.773222293401665 0.483552631578947 0.779628443305573 0.290296052631579