0 0.102780536246276 0.540425531914894 0.117676266137041 0.460992907801418 0.1266137040715 0.460992907801418 0.138033763654419 0.502127659574468 0.14746772591857 0.504964539007092 0.146474677259186 0.520567375886525 0.152929493545184 0.527659574468085 0.152432969215492 0.546099290780142 0.154915590863952 0.556028368794326 0.169314796425025 0.55886524822695 0.180734856007944 0.615602836879433 0.200099304865938 0.693617021276596 0.199106256206554 0.733333333333333 0.190168818272095 0.760283687943262 0.174280039721946 0.770212765957447 0.160377358490566 0.699290780141844 0.137537239324727 0.683687943262411 0.124131082423039 0.653900709219858 0.105263157894737 0.577304964539007
0 0.0779543197616683 0.670921985815603 0.0958291956305859 0.582978723404255 0.100794438927507 0.578723404255319 0.125620655412115 0.652482269503546 0.129592850049652 0.675177304964539 0.135551142005958 0.692198581560284 0.152929493545184 0.693617021276596 0.157894736842105 0.714893617021277 0.17974180734856 0.822695035460993 0.177259185700099 0.852482269503546 0.169811320754717 0.882269503546099 0.156901688182721 0.902127659574468 0.142005958291956 0.913475177304965 0.125620655412115 0.909219858156028 0.107745779543198 0.795744680851064 0.100297914597815 0.785815602836879 0.0814299900695134 0.709219858156028
0 0.262164846077458 0.374468085106383 0.274577954319762 0.295035460992908 0.28351539225422 0.302127659574468 0.298411122144985 0.373049645390071 0.307845084409136 0.384397163120567 0.307845084409136 0.4 0.305858987090367 0.411347517730496 0.327706057596822 0.411347517730496 0.334657398212512 0.421276595744681 0.351539225422046 0.531914893617021 0.348560079443893 0.568794326241135 0.342105263157895 0.597163120567376 0.328699106256207 0.619858156028369 0.317775571002979 0.563120567375887 0.31330685203575 0.55177304964539 0.296425024826216 0.550354609929078 0.296921549155909 0.529078014184397 0.295928500496524 0.513475177304965 0.282522343594836 0.507801418439716 0.261171797418073 0.395744680851064
0 0.243296921549156 0.550354609929078 0.256206554121152 0.453900709219858 0.26266137040715 0.446808510638298 0.279046673286991 0.500709219858156 0.293445878848064 0.516312056737589 0.293942403177756 0.534751773049645 0.288977159880834 0.55177304964539 0.313803376365442 0.553191489361702 0.323237338629593 0.577304964539007 0.336643495531281 0.669503546099291 0.336146971201589 0.697872340425532 0.328202581926514 0.740425531914894 0.318768619662363 0.757446808510638 0.310824230387289 0.761702127659574 0.302879841112215 0.713475177304965 0.29493545183714 0.699290780141844 0.275571002979146 0.695035460992908 0.274081429990069 0.665248226950355 0.263157894736842 0.656737588652482
0 0.221946375372393 0.69645390070922 0.234359483614697 0.602836879432624 0.241310824230387 0.591489361702128 0.261171797418073 0.64822695035461 0.273088381330685 0.666666666666667 0.271102284011917 0.68936170212766 0.295431976166832 0.697872340425532 0.304865938430983 0.712056737588653 0.321251241310824 0.842553191489362 0.318768619662363 0.865248226950355 0.310824230387289 0.89645390070922 0.299404170804369 0.913475177304965 0.276067527308838 0.927659574468085 0.263157894736842 0.84822695035461 0.256703078450844 0.819858156028369 0.241807348560079 0.801418439716312 0.22343594836147 0.721985815602837
0 0.430486593843098 0.375886524822695 0.438430983118173 0.290780141843972 0.443892750744786 0.285106382978723 0.455312810327706 0.339007092198582 0.463753723932473 0.35177304964539 0.465739821251241 0.361702127659574 0.475670307845084 0.368794326241135 0.475173783515392 0.388652482269504 0.468718967229394 0.401418439716312 0.487090367428004 0.402836879432624 0.497020854021847 0.408510638297872 0.501986097318769 0.428368794326241 0.502482621648461 0.458156028368794 0.510427010923535 0.519148936170213 0.511916583912612 0.570212765957447 0.508937437934459 0.609929078014184 0.495034756703078 0.631205673758865 0.48857994041708 0.605673758865248 0.487586891757696 0.564539007092199 0.481132075471698 0.540425531914894 0.464250248262165 0.536170212765957 0.464746772591857 0.517730496453901 0.462760675273088 0.506382978723404 0.452333664349553 0.50354609929078 0.448361469712016 0.478014184397163 0.44240317775571 0.470921985815603 0.431479642502483 0.402836879432624
0 0.41708043694141 0.546099290780142 0.418570009930487 0.514893617021277 0.426017874875869 0.439716312056738 0.430486593843098 0.434042553191489 0.439920556107249 0.451063829787234 0.439424031777557 0.473758865248227 0.448857994041708 0.482269503546099 0.447864945382324 0.50354609929078 0.462760675273088 0.509219858156028 0.463257199602781 0.527659574468085 0.46077457795432 0.539007092198581 0.4746772591857 0.540425531914894 0.482621648460775 0.548936170212766 0.489572989076465 0.573049645390071 0.489076464746773 0.60709219858156 0.496027805362463 0.658156028368794 0.496524329692155 0.693617021276596 0.495531281032771 0.723404255319149 0.488083416087388 0.746099290780142 0.479642502482622 0.764539007092198 0.472194637537239 0.695035460992908 0.450347567030784 0.687943262411348 0.4493545183714 0.65531914893617 0.437437934458788 0.656737588652482 0.435948361469712 0.631205673758865 0.429990069513406 0.625531914893617
0 0.399702085402185 0.70354609929078 0.411122144985104 0.587234042553191 0.417576961271102 0.581560283687943 0.426514399205561 0.626950354609929 0.437437934458788 0.632624113475177 0.436444885799404 0.659574468085106 0.4493545183714 0.66241134751773 0.448361469712016 0.686524822695035 0.44240317775571 0.69645390070922 0.457298907646475 0.693617021276596 0.467229394240318 0.695035460992908 0.472691161866932 0.702127659574468 0.472691161866932 0.726241134751773 0.485104270109235 0.801418439716312 0.487090367428004 0.838297872340426 0.48609731876862 0.878014184397163 0.482125124131082 0.906382978723404 0.472691161866932 0.930496453900709 0.462264150943396 0.936170212765957 0.439920556107249 0.916312056737589 0.426017874875869 0.818439716312057 0.418073485600794 0.801418439716312 0.416583912611718 0.784397163120567
0 0.588877855014896 0.346099290780142 0.596325719960278 0.256737588652482 0.6012909632572 0.253900709219858 0.608738828202582 0.31063829787234 0.623634558093347 0.321985815602837 0.626613704071499 0.337588652482269 0.635054617676266 0.348936170212766 0.635054617676266 0.370212765957447 0.634558093346574 0.380141843971631 0.642999006951341 0.380141843971631 0.648460774577954 0.405673758865248 0.65441906653426 0.540425531914894 0.655412115193645 0.567375886524823 0.651439920556107 0.59290780141844 0.643992055610725 0.608510638297872 0.637537239324727 0.533333333333333 0.627110228401192 0.530496453900709 0.626613704071499 0.509219858156028 0.623634558093347 0.48936170212766 0.613207547169811 0.48936170212766 0.609235352532274 0.469503546099291 0.604270109235353 0.458156028368794 0.592353525322741 0.397163120567376
0 0.581926514399206 0.486524822695035 0.586891757696127 0.411347517730496 0.590863952333664 0.40709219858156 0.6012909632572 0.465248226950355 0.612214498510427 0.478014184397163 0.612214498510427 0.50354609929078 0.624627606752731 0.500709219858156 0.624627606752731 0.529078014184397 0.635551142005958 0.531914893617021 0.639523336643495 0.553191489361702 0.648460774577954 0.692198581560284 0.647964250248262 0.720567375886525 0.643495531281033 0.748936170212766 0.638530287984111 0.753191489361702 0.635054617676266 0.736170212765957 0.635054617676266 0.709219858156028 0.631082423038729 0.690780141843972 0.618172790466733 0.679432624113475 0.616683217477656 0.651063829787234 0.603277060575968 0.64113475177305 0.602284011916584 0.622695035460993 0.593843098311817 0.622695035460993 0.584905660377358 0.563120567375887 0.58291956305859 0.524822695035461
0 0.574975173783515 0.808510638297872 0.565541211519364 0.811347517730496 0.554617676266137 0.724822695035461 0.545183714001986 0.723404255319149 0.541211519364449 0.70354609929078 0.541708043694141 0.685106382978723 0.541708043694141 0.65531914893617 0.543197616683217 0.632624113475177 0.57845084409136 0.564539007092199 0.585898709036743 0.568794326241135 0.591857000993049 0.625531914893617 0.602284011916584 0.629787234042553 0.601787487586892 0.651063829787234 0.61519364448858 0.649645390070922 0.617676266137041 0.660992907801418 0.617676266137041 0.682269503546099 0.613207547169811 0.690780141843972 0.626613704071499 0.68936170212766 0.633068520357497 0.695035460992908 0.644488579940417 0.84113475177305 0.643495531281033 0.882269503546099 0.641012909632572 0.906382978723404 0.63356504468719 0.923404255319149 0.623634558093347 0.934751773049645 0.610228401191658 0.940425531914894 0.597815292949355 0.921985815602837 0.591360476663356 0.893617021276596 0.587388282025819 0.790070921985816 0.579940417080437 0.782978723404255
0 0.730883813306852 0.597163120567376 0.765640516385303 0.536170212765957 0.772095332671301 0.534751773049645 0.775074478649454 0.557446808510638 0.775571002979146 0.609929078014184 0.789473684210526 0.608510638297872 0.790466732869911 0.628368794326241 0.805362462760675 0.634042553191489 0.806852035749752 0.64822695035461 0.803872889771599 0.660992907801418 0.794438927507448 0.663829787234043 0.811817279046673 0.666666666666667 0.816285998013903 0.706382978723404 0.821251241310824 0.832624113475177 0.819265143992056 0.86241134751773 0.813803376365442 0.887943262411347 0.798411122144985 0.89645390070922 0.783018867924528 0.89645390070922 0.773088381330685 0.872340425531915 0.768123138033764 0.849645390070922 0.766137040714995 0.746099290780142 0.765143992055611 0.774468085106383 0.762164846077458 0.790070921985816 0.758192651439921 0.790070921985816 0.752234359483615 0.782978723404255 0.750744786494538 0.704964539007092 0.742800397219464 0.71063829787234 0.740317775571003 0.697872340425532 0.739821251241311 0.675177304964539 0.731380337636544 0.676595744680851 0.727904667328699 0.663829787234043 0.726415094339623 0.64113475177305 0.727904667328699 0.621276595744681
0 0.916583912611718 0.584397163120567 0.959781529294935 0.584397163120567 0.964250248262165 0.594326241134752 0.977159880834161 0.6 0.978649453823237 0.629787234042553 0.993545183714002 0.636879432624113 0.994538232373386 0.652482269503546 0.979145978152929 0.65531914893617 0.979642502482622 0.665248226950355 0.991062562065541 0.666666666666667 0.996027805362463 0.699290780141844 0.998510427010924 0.736170212765957 0.999006951340616 0.876595744680851 0.994041708043694 0.892198581560284 0.980139026812314 0.909219858156028 0.967229394240318 0.91063829787234 0.955312810327706 0.899290780141844 0.94240317775571 0.869503546099291 0.952333664349553 0.778723404255319 0.949851042701092 0.771631205673759 0.947368421052632 0.79290780141844 0.941906653426018 0.797163120567376 0.930486593843098 0.787234042553192 0.932969215491559 0.730496453900709 0.92850049652433 0.723404255319149 0.924528301886792 0.704964539007092 0.926017874875869 0.673758865248227 0.92154915590864 0.679432624113475 0.914101290963257 0.673758865248227 0.911618669314796 0.645390070921986 0.911618669314796 0.622695035460993 0.913108242303873 0.604255319148936
0 0.765640516385303 0.50354609929078 0.769116186693148 0.411347517730496 0.778550148957299 0.411347517730496 0.779543197616683 0.442553191489362 0.792452830188679 0.443971631205674 0.793942403177756 0.470921985815603 0.806852035749752 0.472340425531915 0.810327706057597 0.492198581560284 0.808341608738828 0.504964539007092 0.793445878848064 0.509219858156028 0.793942403177756 0.516312056737589 0.800893743793446 0.519148936170213 0.807845084409136 0.514893617021277 0.814796425024826 0.536170212765957 0.823733862959285 0.584397163120567 0.824230387288977 0.632624113475177 0.823733862959285 0.658156028368794 0.830188679245283 0.71063829787234 0.826713008937438 0.737588652482269 0.819265143992056 0.743262411347518 0.812313803376365 0.666666666666667 0.803872889771599 0.660992907801418 0.806852035749752 0.649645390070922 0.804865938430983 0.629787234042553 0.790963257199603 0.631205673758865 0.790963257199603 0.611347517730496 0.775074478649454 0.608510638297872 0.776067527308838 0.55886524822695 0.771102284011916 0.531914893617021
0 0.768123138033764 0.347517730496454 0.772095332671301 0.259574468085106 0.778550148957299 0.260992907801418 0.78103277060576 0.292198581560284 0.783018867924528 0.306382978723404 0.799404170804369 0.307801418439716 0.799404170804369 0.329078014184397 0.811817279046673 0.333333333333333 0.810824230387289 0.361702127659574 0.79493545183714 0.367375886524823 0.79493545183714 0.373049645390071 0.807348560079444 0.371631205673759 0.814796425024826 0.374468085106383 0.820754716981132 0.397163120567376 0.828202581926514 0.470921985815603 0.832671300893744 0.563120567375887 0.830685203574975 0.581560283687943 0.824230387288977 0.588652482269504 0.814796425024826 0.534751773049645 0.808341608738828 0.516312056737589 0.810327706057597 0.493617021276596 0.807845084409136 0.469503546099291 0.79493545183714 0.470921985815603 0.793445878848064 0.442553191489362 0.780039721946375 0.443971631205674 0.779543197616683 0.411347517730496 0.770109235352532 0.381560283687943
