0 0.070506454816286 0.166324435318275 0.0729890764647468 0.143737166324435 0.0819265143992056 0.129363449691992 0.0933465739821251 0.119096509240246 0.107745779543198 0.111909650924025 0.11519364448858 0.123203285420945 0.116186693147964 0.148870636550308 0.115690168818272 0.169404517453799 0.123138033763654 0.179671457905544 0.12214498510427 0.195071868583162 0.116683217477656 0.195071868583162 0.117676266137041 0.21047227926078 0.12214498510427 0.226899383983573 0.12909632571996 0.235112936344969 0.142005958291956 0.238193018480493 0.14746772591857 0.253593429158111 0.150943396226415 0.388090349075975 0.143992055610725 0.407597535934292 0.128103277060576 0.415811088295688 0.116186693147964 0.417864476386037 0.111221449851043 0.405544147843942 0.105759682224429 0.309034907597536 0.0983118172790467 0.291581108829569 0.0878848063555114 0.292607802874743 0.0804369414101291 0.272073921971253 0.0804369414101291 0.254620123203285 0.0849056603773585 0.241273100616016 0.0824230387288977 0.229979466119097 0.076961271102284 0.2217659137577 0.0734856007944389 0.211498973305955 0.070506454816286 0.193018480492813
0 0.0283018867924528 0.234086242299795 0.0278053624627607 0.203285420944559 0.0332671300893744 0.183778234086242 0.041708043694141 0.172484599589322 0.0566037735849057 0.166324435318275 0.0675273088381331 0.165297741273101 0.0710029791459782 0.165297741273101 0.0710029791459782 0.18993839835729 0.0729890764647468 0.213552361396304 0.0774577954319762 0.223819301848049 0.083416087388282 0.226899383983573 0.0858987090367428 0.243326488706366 0.0794438927507448 0.253593429158111 0.0794438927507448 0.274127310061602 0.0868917576961271 0.291581108829569 0.0973187686196623 0.295687885010267 0.10377358490566 0.306981519507187 0.106256206554121 0.445585215605749 0.0918570009930487 0.460985626283368 0.0759682224428997 0.469199178644764 0.0610724925521351 0.469199178644764 0.0466732869910626 0.463039014373717 0.0387288977159881 0.449691991786448 0.0397219463753724 0.333675564681725 0.0422045680238332 0.31211498973306 0.0392254220456802 0.299794661190965 0.0322740814299901 0.263860369609856
0 0.243793445878848 0.141683778234086 0.26961271102284 0.0985626283367556 0.280536246276068 0.105749486652977 0.28351539225422 0.155030800821355 0.292452830188679 0.163244353182752 0.291956305858987 0.180698151950719 0.28798411122145 0.18788501026694 0.28103277060576 0.18788501026694 0.284508440913605 0.200205338809035 0.285004965243297 0.213552361396304 0.290466732869911 0.2217659137577 0.300397219463754 0.223819301848049 0.306852035749752 0.23305954825462 0.309334657398213 0.249486652977413 0.306852035749752 0.361396303901437 0.299404170804369 0.375770020533881 0.286991062562066 0.376796714579055 0.280039721946375 0.373716632443532 0.280536246276068 0.315195071868583 0.272591857000993 0.298767967145791 0.263654419066534 0.293634496919918 0.257199602780536 0.293634496919918 0.247269116186693 0.26694045174538 0.247269116186693 0.25564681724846 0.253723932472691 0.252566735112936 0.258192651439921 0.243326488706366 0.257696127110228 0.231006160164271 0.25124131082423 0.227926078028747 0.249751737835154 0.216632443531828 0.24428997020854 0.211498973305955
0 0.211022840119166 0.206365503080082 0.24428997020854 0.166324435318275 0.243793445878848 0.208418891170431 0.249255213505462 0.213552361396304 0.247765640516385 0.225872689938398 0.257199602780536 0.232032854209446 0.259185700099305 0.243326488706366 0.258192651439921 0.251540041067762 0.253227408142999 0.253593429158111 0.245779543197617 0.252566735112936 0.245283018867925 0.267967145790554 0.249255213505462 0.281314168377823 0.255213505461768 0.290554414784394 0.273584905660377 0.298767967145791 0.280536246276068 0.315195071868583 0.279046673286991 0.452772073921971 0.269116186693148 0.472279260780287 0.254220456802383 0.472279260780287 0.24428997020854 0.472279260780287 0.241807348560079 0.465092402464066 0.243793445878848 0.393223819301848 0.239324726911619 0.362422997946612 0.228401191658391 0.357289527720739 0.218470705064548 0.354209445585216 0.211022840119166 0.33264887063655 0.217477656405164 0.322381930184805 0.221946375372393 0.31211498973306 0.223932472691162 0.299794661190965 0.21648460774578 0.294661190965092 0.210029791459782 0.277207392197125
0 0.167825223435948 0.303901437371663 0.168321747765641 0.280287474332649 0.175769612711023 0.258726899383984 0.187686196623635 0.235112936344969 0.201092353525323 0.227926078028747 0.209533267130089 0.250513347022587 0.209533267130089 0.277207392197125 0.213505461767627 0.291581108829569 0.223932472691162 0.299794661190965 0.22343594836147 0.315195071868583 0.217974180734856 0.32135523613963 0.210029791459782 0.328542094455852 0.214001986097319 0.344969199178645 0.222939424031778 0.357289527720739 0.234856007944389 0.360369609856263 0.242303872889772 0.374743326488706 0.244786494538232 0.40041067761807 0.241310824230387 0.523613963039014 0.225422045680238 0.540041067761807 0.213008937437934 0.54517453798768 0.199602780536246 0.544147843942505 0.185203574975174 0.540041067761807 0.174776564051639 0.523613963039014 0.175769612711023 0.393223819301848 0.175273088381331 0.369609856262834 0.170307845084409 0.338809034907598
0 0.411618669314796 0.207392197125257 0.418570009930487 0.186858316221766 0.429990069513406 0.169404517453799 0.437437934458788 0.174537987679671 0.439424031777557 0.197125256673511 0.445382323733863 0.21047227926078 0.444885799404171 0.222792607802875 0.456802383316783 0.23305954825462 0.457795431976167 0.243326488706366 0.455312810327706 0.253593429158111 0.442899702085402 0.251540041067762 0.440417080436941 0.263860369609856 0.443396226415094 0.276180698151951 0.449851042701092 0.287474332648871 0.461767626613704 0.28952772073922 0.468222442899702 0.296714579055442 0.473684210526316 0.309034907597536 0.476166832174777 0.438398357289528 0.468718967229394 0.456878850102669 0.45630585898709 0.467145790554415 0.445878848063555 0.469199178644764 0.447864945382324 0.381930184804928 0.444885799404171 0.371663244353183 0.430983118172791 0.359342915811088 0.42154915590864 0.354209445585216 0.422045680238332 0.330595482546201 0.427010923535253 0.324435318275154 0.430486593843098 0.309034907597536 0.429493545183714 0.299794661190965 0.420059582919563 0.291581108829569 0.414597815292949 0.277207392197125 0.411618669314796 0.262833675564682
0 0.380337636544191 0.2782340862423 0.390764647467726 0.25564681724846 0.40317775571003 0.235112936344969 0.410625620655412 0.242299794661191 0.411618669314796 0.263860369609856 0.415094339622642 0.2782340862423 0.419563058589871 0.290554414784394 0.42850049652433 0.301848049281314 0.42850049652433 0.315195071868583 0.425024826216485 0.326488706365503 0.416583912611718 0.324435318275154 0.413604766633565 0.335728952772074 0.415590863952334 0.349075975359343 0.420059582919563 0.354209445585216 0.444885799404171 0.369609856262834 0.447864945382324 0.387063655030801 0.444885799404171 0.407597535934292 0.444389275074479 0.497946611909651 0.438927507447865 0.517453798767967 0.432472691161867 0.529774127310062 0.420059582919563 0.535934291581109 0.418073485600794 0.439425051334702 0.405163853028798 0.43223819301848 0.392254220456802 0.431211498973306 0.390268123138034 0.405544147843942 0.396722939424032 0.395277207392197 0.399702085402185 0.380903490759754 0.397715988083416 0.371663244353183 0.390764647467726 0.369609856262834 0.388778550148957 0.357289527720739 0.386792452830189 0.349075975359343 0.378351539225422 0.340862422997947
0 0.345084409136048 0.362422997946612 0.356504468718967 0.325462012320329 0.371400198609732 0.331622176591376 0.369414101290963 0.341889117043121 0.382820258192651 0.348049281314168 0.380337636544191 0.364476386036961 0.396722939424032 0.374743326488706 0.397715988083416 0.387063655030801 0.395729890764647 0.393223819301848 0.385799404170804 0.397330595482546 0.381827209533267 0.405544147843942 0.383813306852036 0.417864476386037 0.389771598808342 0.429158110882957 0.417576961271102 0.440451745379877 0.416583912611718 0.593429158110883 0.408639523336644 0.613963039014374 0.396722939424032 0.623203285420945 0.383316782522344 0.625256673511294 0.367924528301887 0.621149897330595 0.356007944389275 0.596509240246407 0.357994041708044 0.478439425051335 0.350546176762661 0.462012320328542 0.346573982125124 0.448665297741273
0 0.57845084409136 0.256673511293635 0.596325719960278 0.211498973305955 0.602284011916584 0.223819301848049 0.603277060575968 0.258726899383984 0.609235352532274 0.270020533880903 0.610228401191658 0.280287474332649 0.623138033763654 0.28952772073922 0.622641509433962 0.309034907597536 0.619662363455809 0.316221765913758 0.606752730883813 0.316221765913758 0.604270109235353 0.325462012320329 0.604766633565045 0.337782340862423 0.611221449851043 0.342915811088296 0.620655412115194 0.347022587268994 0.631578947368421 0.36652977412731 0.623634558093347 0.503080082135524 0.617676266137041 0.520533880903491 0.607249255213505 0.525667351129363 0.607249255213505 0.440451745379877 0.604766633565045 0.430184804928131 0.585898709036743 0.420944558521561 0.582423038728898 0.40041067761807 0.593843098311817 0.398357289527721 0.599801390268123 0.380903490759754 0.598808341608739 0.367556468172485 0.584409136047666 0.364476386036961 0.584409136047666 0.352156057494867 0.577457795431976 0.340862422997947
0 0.551638530287984 0.341889117043121 0.570506454816286 0.290554414784394 0.576464746772592 0.299794661190965 0.577457795431976 0.34394250513347 0.584905660377358 0.351129363449692 0.584409136047666 0.363449691991786 0.598311817279047 0.367556468172485 0.6012909632572 0.378850102669405 0.597318768619662 0.394250513347023 0.591857000993049 0.399383983572895 0.580933465739821 0.398357289527721 0.580436941410129 0.407597535934292 0.586395233366435 0.42299794661191 0.602284011916584 0.431211498973306 0.607249255213505 0.4435318275154 0.602284011916584 0.578028747433265 0.595332671300894 0.606776180698152 0.584409136047666 0.611909650924025 0.586395233366435 0.529774127310062 0.582423038728898 0.516427104722793 0.57149950347567 0.504106776180698 0.564051638530288 0.497946611909651 0.561072492552135 0.479466119096509 0.571002979145978 0.475359342915811 0.575471698113208 0.463039014373717 0.574975173783515 0.446611909650924 0.561569016881827 0.437371663244353 0.561072492552135 0.424024640657084 0.554617676266137 0.424024640657084 0.553624627606753 0.404517453798768
0 0.494538232373386 0.408624229979466 0.502482621648461 0.396303901437372 0.544687189672294 0.369609856262834 0.552135054617676 0.371663244353183 0.552135054617676 0.417864476386037 0.561569016881827 0.424024640657084 0.561072492552135 0.437371663244353 0.575471698113208 0.447638603696099 0.576464746772592 0.463039014373717 0.572989076464747 0.474332648870637 0.565541211519364 0.479466119096509 0.559582919563059 0.47741273100616 0.561569016881827 0.492813141683778 0.566037735849057 0.501026694045175 0.583416087388282 0.513347022587269 0.587388282025819 0.547227926078029 0.58291956305859 0.67864476386037 0.576464746772592 0.697125256673511 0.566037735849057 0.713552361396304 0.552631578947368 0.716632443531828 0.540218470705065 0.712525667351129 0.529294935451837 0.695071868583162 0.520357497517378 0.672484599589322 0.530287984111221 0.546201232032854 0.523336643495531 0.53388090349076 0.516385302879841 0.542094455852156 0.508937437934459 0.544147843942505 0.502482621648461 0.535934291581109 0.503475670307845 0.46611909650924 0.493545183714002 0.459958932238193 0.491062562065541 0.446611909650924 0.492055610724925 0.429158110882957
0 0.765143992055611 0.335728952772074 0.776067527308838 0.30082135523614 0.784508440913605 0.302874743326489 0.784508440913605 0.327515400410678 0.796921549155909 0.337782340862423 0.797418073485601 0.357289527720739 0.811320754716981 0.368583162217659 0.812313803376366 0.382956878850103 0.809831181727905 0.391170431211499 0.792949354518371 0.383983572895277 0.791459781529295 0.397330595482546 0.777557100297915 0.392197125256674 0.774577954319762 0.402464065708419 0.782025819265144 0.409650924024641 0.791459781529295 0.427104722792608 0.809831181727905 0.43223819301848 0.814796425024826 0.445585215605749 0.817279046673287 0.474332648870637 0.818768619662363 0.592402464065708 0.810327706057597 0.602669404517454 0.800397219463754 0.597535934291581 0.799900695134062 0.536960985626283 0.796921549155909 0.517453798767967 0.792949354518371 0.509240246406571 0.776067527308838 0.509240246406571 0.76266137040715 0.487679671457906 0.76266137040715 0.475359342915811 0.773088381330685 0.478439425051335 0.779046673286991 0.468172484599589 0.795928500496524 0.469199178644764 0.800397219463754 0.456878850102669 0.798411122144985 0.4435318275154 0.783018867924528 0.440451745379877 0.779046673286991 0.427104722792608 0.774081429990069 0.42299794661191 0.773088381330685 0.371663244353183 0.765640516385303 0.370636550308008
0 0.703078450844091 0.465092402464066 0.708043694141013 0.468172484599589 0.739821251241311 0.457905544147844 0.747269116186693 0.433264887063655 0.756703078450844 0.438398357289528 0.761171797418073 0.472279260780287 0.757199602780536 0.497946611909651 0.764647467725919 0.502053388090349 0.764647467725919 0.514373716632443 0.783018867924528 0.52258726899384 0.78351539225422 0.539014373716632 0.780039721946375 0.547227926078029 0.763157894736842 0.548254620123203 0.767626613704071 0.562628336755647 0.77656405163853 0.569815195071869 0.783018867924528 0.582135523613963 0.78798411122145 0.607802874743327 0.782522343594836 0.75564681724846 0.771598808341609 0.774127310061602 0.753227408142999 0.779260780287474 0.737835153922542 0.773100616016427 0.72343594836147 0.75564681724846 0.729394240317776 0.608829568788501 0.72591857000993 0.597535934291581 0.72591857000993 0.623203285420945 0.719463753723932 0.631416837782341 0.710526315789474 0.624229979466119 0.704071499503476 0.618069815195072 0.708540218470705 0.549281314168378 0.703078450844091 0.546201232032854 0.69364448857994 0.535934291581109 0.692651439920556 0.520533880903491 0.69364448857994 0.495893223819302 0.697120158887785 0.478439425051335
0 0.906653426017875 0.5564681724846 0.917576961271102 0.563655030800821 0.922542204568024 0.558521560574949 0.95630585898709 0.582135523613963 0.958788480635551 0.593429158110883 0.973187686196624 0.600616016427105 0.973187686196624 0.612936344969199 0.989572989076465 0.62217659137577 0.990069513406157 0.640657084188912 0.987586891757696 0.650924024640657 0.95382323733863 0.638603696098563 0.951837140019861 0.642710472279261 0.948361469712016 0.64476386036961 0.950844091360477 0.663244353182752 0.957298907646475 0.664271047227926 0.960278053624628 0.671457905544148 0.975670307845084 0.676591375770021 0.982621648460775 0.681724845995893 0.986593843098312 0.693018480492813 0.98857994041708 0.71047227926078 0.976663356504469 0.875770020533881 0.966732869910626 0.882956878850103 0.948857994041708 0.882956878850103 0.934955312810328 0.875770020533881 0.917576961271102 0.856262833675565 0.913108242303873 0.841889117043121 0.932969215491559 0.719712525667351 0.925521350546177 0.725872689938398 0.918570009930487 0.727926078028747 0.912115193644488 0.7217659137577 0.910625620655412 0.712525667351129 0.915094339622642 0.65605749486653 0.910625620655412 0.651950718685832 0.910625620655412 0.639630390143737 0.898212512413108 0.637577002053388 0.896722939424032 0.62217659137577 0.897715988083416 0.604722792607803 0.900198609731877 0.579055441478439
0 0.83862959285005 0.293634496919918 0.884309831181728 0.304928131416838 0.882820258192651 0.409650924024641 0.880834160873883 0.420944558521561 0.883813306852036 0.438398357289528 0.874875868917577 0.544147843942505 0.855014895729891 0.5564681724846 0.837636544190665 0.546201232032854 0.825719960278054 0.521560574948665 0.837636544190665 0.419917864476386 0.829195630585899 0.419917864476386 0.830188679245283 0.387063655030801
