0 0.0879310344827586 0.120065789473684 0.104918032786885 0.1734375 0.118032786885246 0.190625 0.0918032786885246 0.209375 0.0885245901639344 0.2484375 0.0896551724137931 0.297697368421053 0.120689655172414 0.307565789473684 0.158620689655172 0.308388157894737 0.2 0.3453125 0.321311475409836 0.340625 0.268852459016393 0.2828125 0.265573770491803 0.209375 0.232786885245902 0.1921875 0.231034482758621 0.171052631578947 0.260344827586207 0.162828947368421 0.255172413793103 0.147203947368421 0.241379310344828 0.0953947368421053 0.0862068965517241 0.103618421052632
0 0.383606557377049 0.109375 0.555172413793104 0.0888157894736842 0.560344827586207 0.114309210526316 0.562068965517241 0.141447368421053 0.557377049180328 0.1640625 0.531147540983607 0.1734375 0.554098360655738 0.1875 0.577049180327869 0.21875 0.580327868852459 0.2375 0.575862068965517 0.288651315789474 0.573770491803279 0.325 0.557377049180328 0.34375 0.442622950819672 0.3453125 0.419672131147541 0.3203125 0.39344262295082 0.2890625 0.4 0.246875 0.422950819672131 0.2015625 0.442622950819672 0.1921875 0.426229508196721 0.1828125 0.401724137931035 0.157072368421053 0.391379310344828 0.134868421052632
0 0.672131147540984 0.3421875 0.801724137931035 0.342105263157895 0.819672131147541 0.3109375 0.844827586206897 0.302631578947368 0.906896551724138 0.292763157894737 0.901639344262295 0.2421875 0.888524590163934 0.1921875 0.875409836065574 0.165625 0.898360655737705 0.1609375 0.881967213114754 0.0921875 0.710344827586207 0.110197368421053 0.724137931034483 0.142269736842105 0.737931034482759 0.164473684210526 0.743103448275862 0.177631578947368 0.741379310344828 0.189967105263158 0.729310344827586 0.200657894736842 0.724590163934426 0.2203125 0.734426229508197 0.2609375
0 0.341379310344828 0.231907894736842 0.387931034482759 0.231085526315789 0.390163934426229 0.265625 0.401724137931035 0.3125 0.337931034482759 0.3125 0.340983606557377 0.2796875 0.344827586206897 0.266447368421053
0 0.582758620689655 0.222039473684211 0.629508196721312 0.228125 0.619672131147541 0.25625 0.622950819672131 0.2734375 0.636206896551724 0.306743421052632 0.581034482758621 0.306743421052632 0.587931034482759 0.254111842105263
0 0.939655172413793 0.361019736842105 0.93448275862069 0.382401315789474 0.929310344827586 0.396381578947368 0.920689655172414 0.421875 0.953448275862069 0.419407894736842 0.96551724137931 0.412828947368421 0.96551724137931 0.398848684210526 0.967241379310345 0.378289473684211 0.972413793103448 0.360197368421053
0 0.967241379310345 0.385690789473684 0.96551724137931 0.398026315789474 0.968965517241379 0.412006578947368 0.958620689655172 0.420230263157895 0.962068965517241 0.432565789473684 0.958620689655172 0.444901315789474 0.953448275862069 0.449835526315789 0.951724137931035 0.463815789473684 0.960344827586207 0.476151315789474 0.996551724137931 0.476973684210526 0.998275862068966 0.387335526315789
0 0.0637931034482759 0.384868421052632 0.0655172413793104 0.409539473684211 0.0655172413793104 0.428453947368421 0.0655172413793104 0.480263157894737 0.101724137931034 0.481085526315789 0.101724137931034 0.395559210526316
0 0.110344827586207 0.736842105263158 0.0913793103448276 0.745888157894737 0.103448275862069 0.818256578947368 0.11551724137931 0.836348684210526 0.132758620689655 0.852796052631579 0.124137931034483 0.869243421052632 0.127586206896552 0.889802631578947 0.136206896551724 0.913651315789474 0.146551724137931 0.939144736842105 0.163793103448276 0.961348684210526 0.181034482758621 0.980263157894737 0.306896551724138 0.967105263157895 0.289655172413793 0.945723684210526 0.277586206896552 0.925986842105263 0.277586206896552 0.903782894736842 0.274137931034483 0.875 0.26551724137931 0.857730263157895 0.256896551724138 0.837171052631579 0.263793103448276 0.818256578947368 0.270689655172414 0.807565789473684 0.253448275862069 0.743421052631579 0.13448275862069 0.744243421052632
0 0.401724137931035 0.744243421052632 0.412068965517241 0.819078947368421 0.418965517241379 0.836348684210526 0.422413793103448 0.851973684210526 0.424137931034483 0.870888157894737 0.424137931034483 0.892269736842105 0.431034482758621 0.912828947368421 0.441379310344828 0.933388157894737 0.455172413793104 0.952302631578947 0.474137931034483 0.973684210526316 0.601724137931035 0.952302631578947 0.586206896551724 0.935855263157895 0.596551724137931 0.912828947368421 0.596551724137931 0.888980263157895 0.58448275862069 0.868421052631579 0.575862068965517 0.852796052631579 0.568965517241379 0.832236842105263 0.570689655172414 0.814144736842105 0.567241379310345 0.743421052631579
0 0.706896551724138 0.744243421052632 0.732758620689655 0.768914473684211 0.727586206896552 0.801809210526316 0.727586206896552 0.826480263157895 0.73448275862069 0.844572368421053 0.73448275862069 0.872532894736842 0.73448275862069 0.894736842105263 0.73448275862069 0.916118421052632 0.744827586206897 0.936677631578947 0.763793103448276 0.958881578947368 0.912068965517241 0.952302631578947 0.898275862068965 0.933388157894737 0.9 0.907072368421053 0.898275862068965 0.878289473684211 0.896551724137931 0.857730263157895 0.898275862068965 0.838815789473684 0.887931034482759 0.820723684210526 0.887931034482759 0.740131578947368 0.870689655172414 0.743421052631579