0 0.102040816326531 0.186677631578947 0.0925170068027211 0.229440789473684 0.110204081632653 0.238486842105263 0.108527131782946 0.259375 0.0829931972789116 0.268092105263158 0.0802721088435374 0.325657894736842 0.19047619047619 0.324835526315789 0.187755102040816 0.269736842105263 0.180952380952381 0.241776315789474 0.189115646258503 0.209703947368421 0.186394557823129 0.185855263157895
0 0.250645994832041 0.140625 0.251700680272109 0.189144736842105 0.254421768707483 0.203947368421053 0.284237726098191 0.2015625 0.281653746770026 0.21875 0.246258503401361 0.229440789473684 0.246258503401361 0.3125 0.272108843537415 0.3125 0.274829931972789 0.255756578947368 0.318367346938776 0.256578947368421 0.331972789115646 0.263980263157895 0.361904761904762 0.263980263157895 0.361757105943152 0.23125 0.360544217687075 0.203947368421053 0.366925064599483 0.1609375 0.364341085271318 0.134375
0 0.363265306122449 0.214638157894737 0.466666666666667 0.219572368421053 0.466666666666667 0.256578947368421 0.451700680272109 0.282894736842105 0.451700680272109 0.306743421052632 0.461224489795918 0.314144736842105 0.458503401360544 0.391447368421053 0.333333333333333 0.392269736842105 0.327891156462585 0.305921052631579 0.348299319727891 0.305098684210526 0.364341085271318 0.2453125
0 0.488372093023256 0.1234375 0.565891472868217 0.1328125 0.576227390180879 0.178125 0.55297157622739 0.203125 0.560723514211886 0.2234375 0.583673469387755 0.233552631578947 0.585034013605442 0.305098684210526 0.491156462585034 0.303453947368421 0.493540051679587 0.2453125 0.48062015503876 0.215625 0.488372093023256 0.184375 0.478036175710594 0.159375
0 0.666666666666667 0.1265625 0.754521963824289 0.1359375 0.749354005167959 0.184375 0.736434108527132 0.2 0.746770025839793 0.2234375 0.775193798449612 0.2359375 0.772609819121447 0.278125 0.772789115646259 0.314967105263158 0.679586563307494 0.3140625 0.677551020408163 0.265625 0.681632653061224 0.231907894736842 0.659863945578231 0.226151315789474 0.656330749354005 0.2140625 0.677002583979328 0.1953125 0.656330749354005 0.178125
0 0.855297157622739 0.1703125 0.914728682170543 0.1765625 0.937984496124031 0.2078125 0.937984496124031 0.2359375 0.942857142857143 0.268092105263158 0.938775510204082 0.323190789473684 0.816326530612245 0.321546052631579 0.816537467700258 0.265625 0.837209302325581 0.246875 0.837209302325581 0.2125
0 0.806802721088435 0.664473684210526 0.808785529715762 0.7140625 0.835374149659864 0.719572368421053 0.831292517006803 0.730263157894737 0.821768707482993 0.740131578947368 0.808163265306122 0.763157894736842 0.80952380952381 0.790296052631579 0.888888888888889 0.7953125 0.909560723514212 0.746875 0.89922480620155 0.7296875 0.901808785529716 0.715625 0.929251700680272 0.714638157894737 0.930612244897959 0.665296052631579
0 0.672108843537415 0.671875 0.764857881136951 0.671875 0.762273901808786 0.7390625 0.741602067183463 0.7484375 0.729251700680272 0.754934210526316 0.738775510204082 0.765625 0.740136054421769 0.784539473684211 0.733850129198966 0.821875 0.718346253229974 0.8734375 0.627906976744186 0.8671875 0.619047619047619 0.833059210526316 0.617687074829932 0.810855263157895 0.619047619047619 0.789473684210526 0.625850340136054 0.776315789473684 0.648979591836735 0.770559210526316 0.640826873385013 0.746875 0.661498708010336 0.74375 0.66530612244898 0.730263157894737 0.670748299319728 0.723684210526316
0 0.325170068027211 0.601151315789474 0.457142857142857 0.600328947368421 0.458503401360544 0.652138157894737 0.453061224489796 0.681743421052632 0.443537414965986 0.689967105263158 0.453061224489796 0.699013157894737 0.457142857142857 0.722861842105263 0.459863945578231 0.751644736842105 0.444444444444444 0.7640625 0.360544217687075 0.768914473684211 0.351020408163265 0.744243421052632 0.349659863945578 0.700657894736842 0.352380952380952 0.6875 0.341085271317829 0.6796875
0 0.48843537414966 0.672697368421053 0.565891472868217 0.6734375 0.583979328165375 0.7046875 0.571059431524548 0.7296875 0.558139534883721 0.7484375 0.550387596899225 0.7640625 0.563265306122449 0.774671052631579 0.565891472868217 0.8078125 0.552380952380952 0.861842105263158 0.473469387755102 0.856907894736842 0.461224489795918 0.820723684210526 0.465116279069767 0.7734375 0.473469387755102 0.745065789473684 0.48843537414966 0.735197368421053
0 0.0925170068027211 0.659539473684211 0.091156462585034 0.703947368421053 0.113695090439276 0.70625 0.111111111111111 0.73125 0.0884353741496599 0.735197368421053 0.091156462585034 0.787006578947368 0.170542635658915 0.7921875 0.187755102040816 0.777960526315789 0.187755102040816 0.747532894736842 0.175710594315245 0.7296875 0.186394557823129 0.708059210526316 0.191214470284238 0.659375
0 0.581395348837209 0.0703125 0.651162790697674 0.0703125 0.664082687338501 0.115625 0.656330749354005 0.1609375 0.65374677002584 0.2015625 0.630490956072351 0.2015625 0.589147286821705 0.1890625 0.602067183462532 0.153125 0.58656330749354 0.1171875
