0 0.011070110701107 0.171875 0.0516605166051661 0.1671875 0.0717054263565892 0.206414473684211 0.107011070110701 0.24375 0.11070110701107 0.2609375 0.0271317829457364 0.262335526315789 0.0251937984496124 0.224506578947368 0.0155038759689922 0.221217105263158
0 0.114391143911439 0.1078125 0.104651162790698 0.125 0.107011070110701 0.1609375 0.12984496124031 0.203947368421053 0.189922480620155 0.201480263157895 0.164728682170543 0.157894736842105 0.162361623616236 0.1109375
0 0.40590405904059 0.103125 0.428044280442804 0.1484375 0.406976744186047 0.157894736842105 0.403100775193799 0.240131578947368 0.490774907749078 0.240625 0.498154981549815 0.1765625 0.501937984496124 0.144736842105263 0.546125461254613 0.1421875 0.549815498154982 0.090625 0.564575645756458 0.0578125 0.428044280442804 0.0453125 0.394833948339483 0.0671875
0 0.745387453874539 0.0765625 0.726744186046512 0.0649671052631579 0.585271317829457 0.0542763157894737 0.573643410852713 0.0707236842105263 0.554263565891473 0.120065789473684 0.560077519379845 0.152960526315789 0.59409594095941 0.1640625 0.59409594095941 0.21875 0.608527131782946 0.241776315789474 0.697674418604651 0.243421052631579 0.695736434108527 0.184210526315789 0.684108527131783 0.163651315789474 0.726937269372694 0.15625
0 0.760147601476015 0.071875 0.77906976744186 0.0378289473684211 0.937984496124031 0.0435855263157895 0.922480620155039 0.0666118421052632 0.941860465116279 0.078125 0.929889298892989 0.146875 0.885608856088561 0.1609375 0.881782945736434 0.182565789473684 0.89922480620155 0.186677631578947 0.905038759689923 0.207236842105263 0.904059040590406 0.2375 0.872093023255814 0.245065789473684 0.829457364341085 0.243421052631579 0.808118081180812 0.2359375 0.793357933579336 0.2265625 0.804428044280443 0.1875 0.804263565891473 0.154605263157895 0.771217712177122 0.15 0.749077490774908 0.134375
0 0.191881918819188 0.78125 0.287822878228782 0.784375 0.298892988929889 0.8078125 0.276752767527675 0.8375 0.261992619926199 0.8578125 0.287822878228782 0.88125 0.236162361623616 0.925 0.156976744186047 0.950657894736842 0.063953488372093 0.902138157894737 0.0848708487084871 0.8859375 0.169741697416974 0.853125 0.18450184501845 0.8234375
0 0.40590405904059 0.778125 0.483394833948339 0.7796875 0.487084870848709 0.815625 0.457564575645756 0.834375 0.472324723247232 0.8578125 0.487084870848709 0.890625 0.439114391143911 0.9390625 0.37984496124031 0.964638157894737 0.277131782945736 0.927631578947368 0.26937984496124 0.915296052631579 0.321705426356589 0.873355263157895 0.344961240310078 0.879111842105263 0.368217054263566 0.875822368421053 0.383763837638376 0.871875 0.391143911439114 0.8296875
0 0.597785977859779 0.7765625 0.66789667896679 0.784375 0.693726937269373 0.815625 0.66789667896679 0.834375 0.66789667896679 0.8578125 0.708487084870849 0.890625 0.691860465116279 0.938322368421053 0.616279069767442 0.980263157894737 0.501937984496124 0.941611842105263 0.496124031007752 0.922697368421053 0.540697674418605 0.879111842105263 0.575581395348837 0.877467105263158 0.581395348837209 0.865131578947368 0.589147286821705 0.833059210526316
0 0.40590405904059 0.5421875 0.394833948339483 0.5828125 0.403100775193799 0.611019736842105 0.346899224806202 0.622532894736842 0.277131782945736 0.629934210526316 0.25 0.652960526315789 0.309963099630996 0.6609375 0.350553505535055 0.628125 0.420664206642066 0.615625 0.435424354243542 0.5890625 0.505535055350553 0.5921875 0.52029520295203 0.5375
0 0.608527131782946 0.541118421052632 0.616236162361624 0.571875 0.605166051660517 0.596875 0.608527131782946 0.612664473684211 0.569767441860465 0.621710526315789 0.532945736434109 0.623355263157895 0.503875968992248 0.614309210526316 0.428294573643411 0.652138157894737 0.511627906976744 0.657072368421053 0.55719557195572 0.6390625 0.605166051660517 0.621875 0.660516605166052 0.603125 0.701107011070111 0.6 0.74169741697417 0.5875 0.74169741697417 0.5453125 0.686346863468635 0.5390625
0 0.819188191881919 0.5421875 0.804428044280443 0.5640625 0.800738007380074 0.5859375 0.767527675276753 0.60625 0.690036900369004 0.621875 0.64922480620155 0.640625 0.642066420664207 0.6578125 0.660516605166052 0.6609375 0.715867158671587 0.6359375 0.771217712177122 0.625 0.848708487084871 0.596875 0.911439114391144 0.59375 0.918819188191882 0.5390625
