0 0.143434343434343 0.146814404432133 0.173737373737374 0.149584487534626 0.170707070707071 0.296398891966759 0.170707070707071 0.3601108033241 0.163636363636364 0.393351800554017 0.147964250248262 0.394021739130435 0.141414141414141 0.373961218836565 0.136363636363636 0.343490304709141 0.14040404040404 0.293628808864266
0 0.210029791459782 0.165760869565217 0.239393939393939 0.157894736842105 0.245779543197617 0.228260869565217 0.245454545454545 0.310249307479224 0.241414141414141 0.349030470914127 0.242424242424242 0.379501385041551 0.227272727272727 0.38781163434903 0.215151515151515 0.365650969529086
0 0.292929292929293 0.155124653739612 0.32020202020202 0.157894736842105 0.322244289970209 0.244565217391304 0.319191919191919 0.285318559556787 0.314141414141414 0.321329639889197 0.317171717171717 0.368421052631579 0.308341608738828 0.377717391304348 0.296921549155909 0.377717391304348 0.287878787878788 0.373961218836565 0.282828282828283 0.310249307479224 0.28798411122145 0.203804347826087
0 0.365656565656566 0.0886426592797784 0.397979797979798 0.0969529085872576 0.394240317775571 0.259510869565217 0.390764647467726 0.316576086956522 0.386792452830189 0.353260869565217 0.374875868917577 0.354619565217391 0.361966236345581 0.357336956521739 0.356504468718967 0.297554347826087 0.361469712015889 0.25679347826087
0 0.444444444444444 0.0831024930747923 0.475757575757576 0.0914127423822715 0.468686868686869 0.249307479224377 0.465656565656566 0.307479224376731 0.460606060606061 0.337950138504155 0.448484848484848 0.343490304709141 0.433333333333333 0.326869806094183 0.432323232323232 0.28808864265928 0.441414141414141 0.249307479224377
0 0.526262626262626 0.163434903047091 0.537239324726912 0.09375 0.56454816285998 0.114130434782609 0.549155908639523 0.245923913043478 0.538383838383838 0.28808864265928 0.535253227408143 0.324728260869565 0.511916583912612 0.326086956521739 0.507944389275074 0.309782608695652 0.506060606060606 0.268698060941828 0.513406156901688 0.251358695652174 0.517874875868918 0.217391304347826
0 0.580808080808081 0.0498614958448753 0.604040404040404 0.0554016620498615 0.6 0.149584487534626 0.6 0.235457063711911 0.599801390268123 0.28804347826087 0.591360476663357 0.309782608695652 0.580436941410129 0.311141304347826 0.574975173783515 0.298913043478261 0.572989076464747 0.260869565217391 0.568520357497517 0.217391304347826 0.570707070707071 0.138504155124654
0 0.663636363636364 0.0332409972299169 0.681818181818182 0.03601108033241 0.684210526315789 0.09375 0.679245283018868 0.176630434782609 0.676762661370407 0.220108695652174 0.676266137040715 0.252717391304348 0.676266137040715 0.275815217391304 0.669811320754717 0.292119565217391 0.652929493545184 0.290760869565217 0.647474747474748 0.249307479224377 0.646464646464647 0.185595567867036 0.649950347567031 0.115489130434783 0.655412115193645 0.0733695652173913
0 0.625252525252525 0.587257617728532 0.65050505050505 0.581717451523546 0.658585858585859 0.684210526315789 0.661616161616162 0.789473684210526 0.638383838383838 0.806094182825485 0.631313131313131 0.71191135734072 0.626262626262626 0.6398891966759
0 0.556565656565657 0.60387811634349 0.571717171717172 0.584487534626039 0.576767676767677 0.6398891966759 0.56969696969697 0.714681440443213 0.564646464646465 0.745152354570637 0.557575757575758 0.869806094182825 0.531313131313131 0.872576177285319 0.533333333333333 0.753462603878116 0.555555555555555 0.686980609418283
0 0.42020202020202 0.678670360110803 0.42020202020202 0.626038781163435 0.442424242424242 0.637119113573407 0.447474747474747 0.714681440443213 0.44040404040404 0.800554016620499 0.439393939393939 0.875346260387812 0.412121212121212 0.900277008310249
0 0.343434343434343 0.623268698060942 0.371717171717172 0.617728531855956 0.368686868686869 0.700831024930748 0.346464646464646 0.922437673130194 0.325252525252525 0.905817174515235 0.344444444444444 0.720221606648199
0 0.270109235352532 0.664402173913043 0.276067527308838 0.65625 0.285501489572989 0.64945652173913 0.29493545183714 0.645380434782609 0.305858987090367 0.653532608695652 0.309334657398213 0.68070652173913 0.309831181727905 0.722826086956522 0.308080808080808 0.839335180055402 0.314796425024826 0.872282608695652 0.318181818181818 0.936288088642659 0.291459781529295 0.952445652173913 0.28351539225422 0.908967391304348 0.280039721946375 0.862771739130435 0.279543197616683 0.822010869565217 0.273737373737374 0.739612188365651
0 0.204040404040404 0.64819944598338 0.234856007944389 0.64945652173913 0.235353535353535 0.698060941828255 0.235849056603774 0.777173913043478 0.22020202020202 0.941828254847645 0.19364448857994 0.927989130434783 0.197616683217478 0.873641304347826 0.203078450844091 0.835597826086956 0.203574975173784 0.779891304347826 0.205050505050505 0.698060941828255
0 0.133333333333333 0.646199445888385 0.157575757575758 0.653739612188366 0.156565656565657 0.720221606648199 0.157575757575758 0.792243767313019 0.142424242424242 0.861495844875346 0.121212121212121 0.986149584487535 0.098989898989899 0.972299168975069 0.119191919191919 0.853185595567867 0.127272727272727 0.781163434903047 0.131313131313131 0.714681440443213
