0 0.0884353741496599 0.159375 0.0839002267573696 0.2640625 0.0839002267573696 0.2921875 0.0692124105011933 0.300164473684211 0.0704057279236277 0.356907894736842 0.137231503579952 0.359375 0.14200477326969 0.306743421052632 0.151551312649165 0.296875 0.145584725536993 0.274671052631579 0.16109785202864 0.266447368421053 0.160997732426304 0.159375
0 0.210023866348449 0.200657894736842 0.198090692124105 0.303453947368421 0.354415274463007 0.307565789473684 0.35799522673031 0.286184210526316 0.361575178997613 0.263157894736842 0.366348448687351 0.199835526315789 0.33054892601432 0.197368421052632 0.325775656324582 0.1875 0.343675417661098 0.185855263157895 0.34964200477327 0.0986842105263158 0.241050119331742 0.0953947368421053 0.240362811791383 0.14375 0.239856801909308 0.180098684210526 0.256235827664399 0.1890625 0.260770975056689 0.196875
0 0.412887828162291 0.307565789473684 0.4236276849642 0.202302631578947 0.452267303102625 0.199835526315789 0.448979591836735 0.16875 0.462585034013605 0.115625 0.555555555555556 0.1125 0.557823129251701 0.159375 0.552505966587112 0.201480263157895 0.577565632458234 0.210526315789474 0.571599045346062 0.310855263157895
0 0.639455782312925 0.203125 0.636038186157518 0.310032894736842 0.770883054892601 0.314967105263158 0.779236276849642 0.209703947368421 0.74582338902148 0.207236842105263 0.742243436754177 0.193256578947368 0.759637188208617 0.1875 0.775510204081633 0.1515625 0.770975056689342 0.1078125 0.666666666666667 0.10625 0.664677804295943 0.199835526315789
0 0.882086167800454 0.2328125 0.961451247165533 0.2375 0.943310657596372 0.2921875 0.956916099773243 0.3203125 0.936507936507937 0.353125 0.925170068027211 0.3671875 0.945107398568019 0.393914473684211 0.940334128878282 0.450657894736842 0.874701670644391 0.453125 0.879818594104308 0.35625
0 0.0680190930787589 0.671052631578947 0.143198090692124 0.670230263157895 0.144391408114558 0.712993421052632 0.142857142857143 0.725 0.151927437641723 0.74375 0.16109785202864 0.762335526315789 0.164677804295943 0.783717105263158 0.152744630071599 0.797697368421053 0.149164677804296 0.845394736842105 0.0770975056689342 0.840625 0.0847255369928401 0.794407894736842 0.081145584725537 0.761513157894737 0.0929705215419501 0.7390625 0.0929705215419501 0.721875 0.0680190930787589 0.719572368421053
0 0.208830548926014 0.736842105263158 0.200477326968974 0.814144736842105 0.244897959183673 0.815625 0.242630385487528 0.8453125 0.242243436754177 0.90953947368421 0.340095465393795 0.910361842105263 0.33890214797136 0.842927631578947 0.321995464852608 0.8328125 0.323389021479714 0.819078947368421 0.363961813842482 0.818256578947368 0.36873508353222 0.738486842105263
0 0.410501193317422 0.736842105263158 0.410430839002268 0.8109375 0.448979591836735 0.8171875 0.440334128878282 0.845394736842105 0.429594272076372 0.861842105263158 0.430787589498807 0.916940789473684 0.526252983293556 0.918585526315789 0.531026252983293 0.850328947368421 0.515513126491647 0.847861842105263 0.514739229024943 0.81875 0.553699284009546 0.818256578947368 0.556085918854415 0.737664473684211
0 0.625850340136054 0.7375 0.627684964200477 0.819078947368421 0.647971360381862 0.819901315789474 0.650793650793651 0.834375 0.643198090692124 0.847039473684211 0.643990929705215 0.86875 0.643990929705215 0.884375 0.737470167064439 0.886513157894737 0.736276849642005 0.841282894736842 0.721957040572792 0.835526315789474 0.720763723150358 0.818256578947368 0.756563245823389 0.817434210526316 0.758949880668258 0.736842105263158
0 0.867541766109785 0.601973684210526 0.933174224343675 0.601151315789474 0.933174224343675 0.671052631578947 0.91609977324263 0.6734375 0.911694510739857 0.699835526315789 0.917661097852029 0.736842105263158 0.886621315192744 0.7640625 0.882086167800454 0.8078125 0.841269841269841 0.8078125 0.839002267573696 0.7453125 0.863961813842482 0.729440789473684 0.863961813842482 0.696546052631579 0.863945578231293 0.6671875
