0 0.106753812636166 0.104166666666667 0.137254901960784 0.0920138888888889 0.191721132897603 0.0885416666666667 0.228758169934641 0.0920138888888889 0.289760348583878 0.0590277777777778 0.324618736383442 0.0295138888888889 0.366013071895425 0.0104166666666667 0.413943355119826 0.0121527777777778 0.446623093681917 0.03125 0.464052287581699 0.0694444444444444 0.461873638344227 0.102430555555556 0.455337690631808 0.130208333333333 0.398692810457516 0.133680555555556 0.335511982570806 0.140625 0.263616557734205 0.142361111111111 0.215686274509804 0.140625 0.169934640522876 0.125 0.135076252723312 0.133680555555556
0 0.540305010893246 0.0121527777777778 0.505446623093682 0.0260416666666667 0.483660130718954 0.0486111111111111 0.481481481481482 0.0798611111111111 0.492374727668845 0.107638888888889 0.520697167755991 0.130208333333333 0.562091503267974 0.131944444444444 0.605664488017429 0.126736111111111 0.657952069716776 0.125 0.729847494553377 0.118055555555556 0.760348583877996 0.118055555555556 0.788671023965142 0.151041666666667 0.843137254901961 0.111111111111111 0.806100217864924 0.0868055555555556 0.775599128540305 0.0607638888888889 0.718954248366013 0.0416666666666667 0.655773420479303 0.0503472222222222 0.620915032679739 0.0225694444444444 0.579520697167756 0.0173611111111111
0 0.152505446623094 0.244791666666667 0.211328976034858 0.244791666666667 0.252723311546841 0.243055555555556 0.296296296296296 0.223958333333333 0.326797385620915 0.204861111111111 0.344226579520697 0.1875 0.383442265795207 0.177083333333333 0.431372549019608 0.180555555555556 0.464052287581699 0.197916666666667 0.477124183006536 0.232638888888889 0.47276688453159 0.267361111111111 0.44880174291939 0.295138888888889 0.413943355119826 0.303819444444444 0.357298474945534 0.298611111111111 0.302832244008715 0.305555555555556 0.26797385620915 0.291666666666667 0.228758169934641 0.28125 0.178649237472767 0.288194444444444
0 0.559912854030501 0.178819444444444 0.525054466230937 0.199652777777778 0.514161220043573 0.217013888888889 0.501089324618736 0.243055555555556 0.505446623093682 0.267361111111111 0.525054466230937 0.286458333333333 0.559912854030501 0.298611111111111 0.603485838779956 0.302083333333333 0.651416122004357 0.300347222222222 0.69281045751634 0.286458333333333 0.745098039215686 0.277777777777778 0.799564270152506 0.274305555555556 0.808278867102396 0.25 0.851851851851852 0.25 0.854030501089325 0.206597222222222 0.801742919389978 0.210069444444444 0.786492374727669 0.190972222222222 0.729847494553377 0.197916666666667 0.679738562091503 0.199652777777778 0.651416122004357 0.180555555555556 0.612200435729848 0.175347222222222
0 0.211328976034858 0.390625 0.261437908496732 0.388888888888889 0.324618736383442 0.395833333333333 0.333333333333333 0.369791666666667 0.372549019607843 0.354166666666667 0.40958605664488 0.34375 0.464052287581699 0.350694444444444 0.485838779956427 0.361111111111111 0.492374727668845 0.399305555555556 0.494553376906318 0.428819444444444 0.481481481481482 0.458333333333333 0.437908496732026 0.467013888888889 0.38562091503268 0.461805555555556 0.357298474945534 0.444444444444444 0.318082788671024 0.439236111111111 0.281045751633987 0.444444444444444 0.226579520697168 0.446180555555556
0 0.583877995642702 0.340277777777778 0.538126361655773 0.359375 0.525054466230937 0.390625 0.52723311546841 0.423611111111111 0.549019607843137 0.451388888888889 0.586056644880174 0.463541666666667 0.62962962962963 0.463541666666667 0.671023965141612 0.465277777777778 0.740740740740741 0.463541666666667 0.79520697167756 0.465277777777778 0.823529411764706 0.449652777777778 0.85838779956427 0.442708333333333 0.845315904139434 0.387152777777778 0.812636165577342 0.401041666666667 0.777777777777778 0.388888888888889 0.721132897603486 0.392361111111111 0.694989106753813 0.371527777777778 0.673202614379085 0.348958333333333 0.638344226579521 0.342013888888889
0 0.239651416122004 0.576388888888889 0.285403050108933 0.5625 0.337690631808279 0.572916666666667 0.368191721132898 0.543402777777778 0.400871459694989 0.520833333333333 0.442265795206972 0.513888888888889 0.490196078431373 0.522569444444444 0.518518518518518 0.552083333333333 0.525054466230937 0.586805555555556 0.5119825708061 0.609375 0.479302832244009 0.625 0.429193899782135 0.628472222222222 0.376906318082789 0.633680555555556 0.324618736383442 0.623263888888889 0.254901960784314 0.631944444444445
0 0.62962962962963 0.512152777777778 0.581699346405229 0.524305555555556 0.555555555555556 0.552083333333333 0.55119825708061 0.576388888888889 0.564270152505447 0.600694444444445 0.586056644880174 0.618055555555556 0.636165577342048 0.630208333333333 0.677559912854031 0.628472222222222 0.703703703703704 0.614583333333333 0.745098039215686 0.609375 0.79520697167756 0.609375 0.83442265795207 0.600694444444445 0.864923747276689 0.618055555555556 0.880174291938998 0.534722222222222 0.843137254901961 0.539930555555556 0.812636165577342 0.524305555555556 0.758169934640523 0.529513888888889 0.708061002178649 0.53125 0.686274509803922 0.517361111111111
0 0.257080610021787 0.746527777777778 0.313725490196078 0.748263888888889 0.355119825708061 0.744791666666667 0.38562091503268 0.711805555555556 0.433551198257081 0.690972222222222 0.468409586056645 0.6875 0.522875816993464 0.708333333333333 0.544662309368192 0.732638888888889 0.55119825708061 0.767361111111111 0.544662309368192 0.795138888888889 0.520697167755991 0.807291666666667 0.481481481481482 0.8125 0.437908496732026 0.814236111111111 0.392156862745098 0.8125 0.352941176470588 0.800347222222222 0.324618736383442 0.784722222222222 0.26797385620915 0.789930555555556
0 0.287581699346405 0.894097222222222 0.342047930283224 0.881944444444445 0.387799564270153 0.878472222222222 0.437908496732026 0.864583333333333 0.501089324618736 0.861111111111111 0.549019607843137 0.873263888888889 0.559912854030501 0.895833333333333 0.566448801742919 0.928819444444445 0.557734204793028 0.961805555555556 0.52723311546841 0.96875 0.466230936819172 0.96875 0.411764705882353 0.960069444444445 0.357298474945534 0.951388888888889 0.320261437908497 0.932291666666667 0.289760348583878 0.934027777777778
