0 0.679936305732484 0.140625 0.67515923566879 0.178819444444444 0.673566878980892 0.215277777777778 0.678343949044586 0.253472222222222 0.687898089171975 0.288194444444444 0.689490445859873 0.315972222222222 0.670382165605096 0.34375 0.667197452229299 0.376736111111111 0.664012738853503 0.416666666666667 0.67515923566879 0.449652777777778 0.686305732484076 0.479166666666667 0.719745222929936 0.493055555555556 0.765923566878981 0.487847222222222 0.796178343949045 0.470486111111111 0.799363057324841 0.414930555555556 0.800955414012739 0.366319444444444 0.792993630573248 0.314236111111111 0.769108280254777 0.302083333333333 0.770700636942675 0.277777777777778 0.780254777070064 0.25 0.781847133757962 0.217013888888889 0.777070063694267 0.175347222222222 0.759554140127389 0.128472222222222
0 0.60828025477707 0.133680555555556 0.609872611464968 0.163194444444444 0.613057324840764 0.197916666666667 0.617834394904459 0.223958333333333 0.621019108280255 0.25 0.605095541401274 0.262152777777778 0.60828025477707 0.303819444444444 0.605095541401274 0.361111111111111 0.609872611464968 0.416666666666667 0.605095541401274 0.451388888888889 0.584394904458599 0.458333333333333 0.546178343949045 0.461805555555556 0.512738853503185 0.454861111111111 0.506369426751592 0.421875 0.50796178343949 0.383680555555556 0.506369426751592 0.347222222222222 0.519108280254777 0.321180555555556 0.527070063694268 0.284722222222222 0.498407643312102 0.258680555555556 0.493630573248408 0.204861111111111 0.504777070063694 0.173611111111111 0.50796178343949 0.144097222222222
0 0.332802547770701 0.177083333333333 0.326433121019108 0.215277777777778 0.329617834394905 0.241319444444444 0.332802547770701 0.270833333333333 0.345541401273885 0.309027777777778 0.337579617834395 0.335069444444444 0.318471337579618 0.373263888888889 0.313694267515924 0.414930555555556 0.320063694267516 0.453125 0.335987261146497 0.475694444444444 0.377388535031847 0.482638888888889 0.414012738853503 0.477430555555556 0.43312101910828 0.444444444444444 0.441082802547771 0.394097222222222 0.436305732484076 0.347222222222222 0.421974522292994 0.314236111111111 0.417197452229299 0.288194444444444 0.421974522292994 0.246527777777778 0.423566878980892 0.204861111111111 0.415605095541401 0.168402777777778
0 0.235668789808917 0.185763888888889 0.24203821656051 0.232638888888889 0.24203821656051 0.270833333333333 0.240445859872611 0.303819444444444 0.237261146496815 0.352430555555556 0.243630573248408 0.394097222222222 0.251592356687898 0.421875 0.25 0.454861111111111 0.240445859872611 0.473958333333333 0.205414012738854 0.480902777777778 0.167197452229299 0.480902777777778 0.146496815286624 0.472222222222222 0.133757961783439 0.434027777777778 0.130573248407643 0.388888888888889 0.144904458598726 0.347222222222222 0.148089171974522 0.309027777777778 0.128980891719745 0.263888888888889 0.136942675159236 0.225694444444444 0.148089171974522 0.190972222222222
0 0.0621019108280255 0.194444444444444 0.0621019108280255 0.232638888888889 0.0684713375796178 0.263888888888889 0.0668789808917197 0.303819444444444 0.0445859872611465 0.347222222222222 0.0652866242038217 0.380208333333333 0.0700636942675159 0.414930555555556 0.0700636942675159 0.463541666666667 0.0636942675159236 0.491319444444444 0.0286624203821656 0.501736111111111 0 0.496527777777778 0 0.196180555555556
0 0 0.595486111111111 0.035031847133758 0.590277777777778 0.0621019108280255 0.598958333333333 0.0812101910828025 0.618055555555556 0.0796178343949045 0.659722222222222 0.0812101910828025 0.689236111111111 0.0732484076433121 0.715277777777778 0.0780254777070064 0.755208333333333 0.0780254777070064 0.784722222222222 0.0971337579617834 0.810763888888889 0.0971337579617834 0.84375 0.0971337579617834 0.875 0.10031847133758 0.904513888888889 0 0.909722222222222
0 0.234076433121019 0.583333333333333 0.199044585987261 0.583333333333333 0.162420382165605 0.590277777777778 0.143312101910828 0.614583333333333 0.143312101910828 0.657986111111111 0.138535031847134 0.697916666666667 0.143312101910828 0.727430555555556 0.178343949044586 0.732638888888889 0.179936305732484 0.770833333333333 0.167197452229299 0.805555555555556 0.154458598726115 0.842013888888889 0.171974522292994 0.871527777777778 0.184713375796178 0.902777777777778 0.294585987261147 0.904513888888889 0.289808917197452 0.859375 0.289808917197452 0.817708333333333 0.278662420382166 0.774305555555556 0.269108280254777 0.736111111111111 0.259554140127389 0.684027777777778 0.262738853503185 0.649305555555555 0.261146496815287 0.616319444444444 0.251592356687898 0.59375
0 0.398089171974522 0.572916666666667 0.367834394904459 0.574652777777778 0.343949044585987 0.590277777777778 0.328025477707006 0.635416666666667 0.331210191082803 0.671875 0.329617834394905 0.703125 0.343949044585987 0.723958333333333 0.359872611464968 0.737847222222222 0.361464968152866 0.776041666666667 0.35031847133758 0.802083333333333 0.342356687898089 0.847222222222222 0.35031847133758 0.894097222222222 0.45859872611465 0.904513888888889 0.45859872611465 0.868055555555556 0.461783439490446 0.829861111111111 0.463375796178344 0.782986111111111 0.455414012738853 0.737847222222222 0.453821656050955 0.677083333333333 0.452229299363057 0.631944444444444 0.449044585987261 0.597222222222222 0.428343949044586 0.578125
0 0.609872611464968 0.579861111111111 0.56687898089172 0.574652777777778 0.530254777070064 0.576388888888889 0.511146496815287 0.605902777777778 0.509554140127389 0.652777777777778 0.504777070063694 0.685763888888889 0.520700636942675 0.713541666666667 0.528662420382166 0.748263888888889 0.530254777070064 0.789930555555556 0.525477707006369 0.826388888888889 0.519108280254777 0.854166666666667 0.539808917197452 0.875 0.546178343949045 0.918402777777778 0.654458598726115 0.914930555555556 0.644904458598726 0.873263888888889 0.644904458598726 0.836805555555555 0.635350318471338 0.795138888888889 0.627388535031847 0.737847222222222 0.627388535031847 0.692708333333333 0.633757961783439 0.649305555555555 0.635350318471338 0.614583333333333 0.622611464968153 0.590277777777778
0 0.705414012738854 0.567708333333333 0.679936305732484 0.585069444444444 0.676751592356688 0.623263888888889 0.673566878980892 0.659722222222222 0.681528662420382 0.692708333333333 0.703821656050955 0.710069444444444 0.703821656050955 0.744791666666667 0.679936305732484 0.789930555555556 0.676751592356688 0.817708333333333 0.695859872611465 0.84375 0.703821656050955 0.876736111111111 0.70859872611465 0.916666666666667 0.813694267515924 0.911458333333333 0.807324840764331 0.868055555555556 0.804140127388535 0.824652777777778 0.79140127388535 0.769097222222222 0.807324840764331 0.746527777777778 0.807324840764331 0.690972222222222 0.802547770700637 0.640625 0.810509554140127 0.59375 0.800955414012739 0.569444444444444 0.767515923566879 0.5625 0.734076433121019 0.560763888888889
