0 0.196185286103542 0.0217391304347826 0.194822888283379 0.0826086956521739 0.188010899182561 0.154347826086957 0.190735694822888 0.217391304347826 0.20299727520436 0.269565217391304 0.205722070844687 0.31304347826087 0.201634877384196 0.356521739130435 0.200272479564033 0.4 0.204359673024523 0.443478260869565 0.216621253405995 0.476086956521739 0.23841961852861 0.491304347826087 0.280653950953678 0.491304347826087 0.305177111716621 0.452173913043478 0.307901907356948 0.41304347826087 0.309264305177112 0.354347826086957 0.306539509536785 0.304347826086957 0.29700272479564 0.265217391304348 0.276566757493188 0.239130434782609 0.272479564032698 0.189130434782609 0.276566757493188 0.134782608695652 0.279291553133515 0.0934782608695652 0.277929155313351 0.0565217391304348 0.280653950953678 0.0239130434782609
0 0.335149863760218 0.0239130434782609 0.331062670299728 0.0804347826086956 0.331062670299728 0.13695652173913 0.329700272479564 0.193478260869565 0.331062670299728 0.232608695652174 0.341961852861035 0.256521739130435 0.329700272479564 0.280434782608696 0.336512261580381 0.332608695652174 0.339237057220708 0.395652173913043 0.339237057220708 0.43695652173913 0.343324250681199 0.476086956521739 0.371934604904632 0.48695652173913 0.403269754768392 0.482608695652174 0.430517711171662 0.476086956521739 0.433242506811989 0.423913043478261 0.446866485013624 0.389130434782609 0.44141689373297 0.319565217391304 0.426430517711172 0.276086956521739 0.405994550408719 0.223913043478261 0.412806539509537 0.191304347826087 0.411444141689373 0.115217391304348 0.4141689373297 0.0760869565217391 0.423705722070845 0.0173913043478261
0 0.455040871934605 0.0630434782608696 0.457765667574932 0.121739130434783 0.467302452316076 0.180434782608696 0.46866485013624 0.239130434782609 0.474114441416894 0.291304347826087 0.47275204359673 0.347826086956522 0.479564032697548 0.402173913043478 0.497275204359673 0.421739130434783 0.538147138964578 0.426086956521739 0.56267029972752 0.408695652173913 0.570844686648501 0.36304347826087 0.568119891008174 0.297826086956522 0.559945504087193 0.247826086956522 0.550408719346049 0.208695652173913 0.538147138964578 0.160869565217391 0.536784741144414 0.115217391304348 0.539509536784741 0.0521739130434783
0 0.61716621253406 0.0260869565217391 0.613079019073569 0.0847826086956522 0.602179836512262 0.15 0.604904632152589 0.21304347826087 0.607629427792916 0.280434782608696 0.61716621253406 0.341304347826087 0.628065395095368 0.382608695652174 0.643051771117166 0.41304347826087 0.677111716621253 0.41304347826087 0.70708446866485 0.410869565217391 0.716621253405995 0.345652173913043 0.713896457765668 0.28695652173913 0.701634877384196 0.232608695652174 0.689373297002725 0.189130434782609 0.694822888283379 0.132608695652174 0.698910081743869 0.0869565217391304 0.700272479564033 0.041304347826087 0.700272479564033 0.0173913043478261
0 0.76566757493188 0.0195652173913043 0.762942779291553 0.0869565217391304 0.754768392370572 0.141304347826087 0.747956403269755 0.193478260869565 0.746594005449591 0.258695652173913 0.750681198910082 0.304347826086957 0.752043596730245 0.365217391304348 0.76566757493188 0.404347826086957 0.794277929155313 0.421739130434783 0.82425068119891 0.415217391304348 0.847411444141689 0.391304347826087 0.848773841961853 0.330434782608696 0.841961852861035 0.267391304347826 0.829700272479564 0.234782608695652 0.835149863760218 0.189130434782609 0.841961852861035 0.130434782608696 0.839237057220708 0.0847826086956522 0.85149863760218 0.0434782608695652 0.85558583106267 0.0217391304347826
0 0.891008174386921 0.0239130434782609 0.885558583106267 0.0826086956521739 0.881471389645777 0.13695652173913 0.87874659400545 0.2 0.881471389645777 0.25 0.891008174386921 0.297826086956522 0.892370572207084 0.356521739130435 0.893732970027248 0.406521739130435 0.911444141689373 0.443478260869565 0.940054495912807 0.467391304347826 0.976839237057221 0.46304347826087 0.994550408719346 0.419565217391304 0.990463215258856 0.356521739130435 0.978201634877384 0.291304347826087 0.971389645776567 0.230434782608696 0.960490463215259 0.18695652173913 0.964577656675749 0.121739130434783 0.96866485013624 0.0695652173913043 0.976839237057221 0.0195652173913043
0 0.20708446866485 0.534782608695652 0.243869209809264 0.523913043478261 0.277929155313351 0.523913043478261 0.299727520435967 0.534782608695652 0.309264305177112 0.584782608695652 0.306539509536785 0.63695652173913 0.309264305177112 0.702173913043478 0.291553133514986 0.741304347826087 0.295640326975477 0.789130434782609 0.288828337874659 0.83695652173913 0.286103542234332 0.893478260869565 0.286103542234332 0.941304347826087 0.287465940054496 0.98695652173913 0.246594005449591 0.984782608695652 0.200272479564033 0.978260869565217 0.173024523160763 0.960869565217391 0.182561307901907 0.880434782608696 0.193460490463215 0.81304347826087 0.200272479564033 0.758695652173913 0.204359673024523 0.7 0.198910081743869 0.63695652173913 0.194822888283379 0.573913043478261
0 0.331062670299728 0.545652173913043 0.362397820163488 0.530434782608696 0.400544959128065 0.528260869565217 0.430517711171662 0.541304347826087 0.446866485013624 0.573913043478261 0.450953678474114 0.63695652173913 0.44550408719346 0.682608695652174 0.429155313351499 0.728260869565217 0.420980926430518 0.758695652173913 0.430517711171662 0.791304347826087 0.429155313351499 0.847826086956522 0.433242506811989 0.91304347826087 0.430517711171662 0.980434782608696 0.348773841961853 0.995652173913044 0.350136239782016 0.789130434782609 0.332425068119891 0.730434782608696 0.331062670299728 0.676086956521739 0.331062670299728 0.606521739130435
0 0.509536784741144 0.573913043478261 0.539509536784741 0.573913043478261 0.568119891008174 0.597826086956522 0.580381471389646 0.641304347826087 0.580381471389646 0.68695652173913 0.574931880108992 0.728260869565217 0.55858310626703 0.776086956521739 0.551771117166213 0.817391304347826 0.553133514986376 0.865217391304348 0.549046321525886 0.915217391304348 0.544959128065395 0.993478260869565 0.446866485013624 0.98695652173913 0.449591280653951 0.893478260869565 0.456403269754768 0.810869565217391 0.471389645776567 0.767391304347826 0.475476839237057 0.684782608695652 0.476839237057221 0.619565217391304 0.486376021798365 0.580434782608696
0 0.595367847411444 0.667391304347826 0.603542234332425 0.61304347826087 0.613079019073569 0.582608695652174 0.645776566757493 0.56304347826087 0.674386920980926 0.578260869565217 0.690735694822888 0.6 0.700272479564033 0.641304347826087 0.698910081743869 0.689130434782609 0.696185286103542 0.739130434782609 0.677111716621253 0.780434782608696 0.674386920980926 0.841304347826087 0.670299727520436 0.902173913043478 0.67983651226158 0.96304347826087 0.594005449591281 0.982608695652174 0.595367847411444 0.910869565217391 0.592643051771117 0.832608695652174 0.58991825613079 0.765217391304348 0.602179836512262 0.719565217391304
0 0.73841961852861 0.678260869565217 0.741144414168937 0.630434782608696 0.750681198910082 0.593478260869565 0.767029972752044 0.573913043478261 0.794277929155313 0.569565217391304 0.82016348773842 0.58695652173913 0.831062670299727 0.615217391304348 0.836512261580382 0.647826086956522 0.825613079019074 0.684782608695652 0.811989100817439 0.739130434782609 0.807901907356948 0.810869565217391 0.801089918256131 0.852173913043478 0.79700272479564 0.906521739130435 0.799727520435967 0.958695652173913 0.719346049046321 0.960869565217391 0.715258855585831 0.928260869565217 0.723433242506812 0.871739130434783 0.732970027247956 0.819565217391304 0.742506811989101 0.743478260869565
0 0.874659400544959 0.643478260869565 0.881471389645777 0.6 0.903269754768392 0.573913043478261 0.927792915531335 0.580434782608696 0.94550408719346 0.582608695652174 0.955040871934605 0.628260869565217 0.959128065395095 0.680434782608696 0.946866485013624 0.73695652173913 0.935967302452316 0.8 0.935967302452316 0.871739130434783 0.930517711171662 0.958695652173913 0.85149863760218 0.958695652173913 0.850136239782016 0.882608695652174 0.859673024523161 0.810869565217391 0.870572207084469 0.75 0.87874659400545 0.691304347826087