0 0.226158038147139 0.0199115044247788 0.224795640326975 0.123893805309735 0.222070844686649 0.18141592920354 0.23433242506812 0.212389380530973 0.235694822888283 0.283185840707965 0.231607629427793 0.334070796460177 0.227520435967302 0.389380530973451 0.230245231607629 0.422566371681416 0.23841961852861 0.449115044247788 0.26158038147139 0.462389380530973 0.291553133514986 0.455752212389381 0.314713896457766 0.444690265486726 0.325613079019074 0.396017699115044 0.326975476839237 0.345132743362832 0.317438692098093 0.305309734513274 0.303814713896458 0.287610619469027 0.299727520435967 0.234513274336283 0.307901907356948 0.165929203539823 0.307901907356948 0.103982300884956 0.316076294277929 0.0199115044247788 0.29291553133515 0.00442477876106195 0.250681198910082 0.00663716814159292
0 0.354223433242507 0.0331858407079646 0.352861035422343 0.152654867256637 0.365122615803815 0.201327433628319 0.363760217983651 0.276548672566372 0.363760217983651 0.334070796460177 0.359673024523161 0.380530973451327 0.365122615803815 0.415929203539823 0.385558583106267 0.440265486725664 0.405994550408719 0.449115044247788 0.433242506811989 0.446902654867257 0.453678474114441 0.424778761061947 0.460490463215259 0.380530973451327 0.456403269754768 0.323008849557522 0.452316076294278 0.27212389380531 0.448228882833788 0.212389380530973 0.434604904632153 0.18141592920354 0.434604904632153 0.143805309734513 0.435967302452316 0.0752212389380531 0.442779291553134 0.0221238938053097 0.420980926430518 0.0110619469026549 0.376021798365123 0.0176991150442478
0 0.483651226158038 0.0221238938053097 0.480926430517711 0.0973451327433628 0.479564032697548 0.161504424778761 0.490463215258856 0.205752212389381 0.5 0.245575221238938 0.497275204359673 0.298672566371681 0.494550408719346 0.353982300884956 0.49591280653951 0.407079646017699 0.519073569482289 0.435840707964602 0.551771117166213 0.433628318584071 0.584468664850136 0.43141592920354 0.596730245231608 0.384955752212389 0.58991825613079 0.325221238938053 0.583106267029973 0.267699115044248 0.581743869209809 0.221238938053097 0.559945504087194 0.185840707964602 0.559945504087194 0.134955752212389 0.56267029972752 0.0907079646017699 0.564032697547684 0.0464601769911504 0.564032697547684 0.0176991150442478
0 0.622615803814714 0.0287610619469027 0.62125340599455 0.0973451327433628 0.61716621253406 0.152654867256637 0.62125340599455 0.199115044247788 0.636239782016349 0.221238938053097 0.629427792915531 0.276548672566372 0.630790190735695 0.323008849557522 0.629427792915531 0.369469026548673 0.633514986376022 0.407079646017699 0.652588555858311 0.429203539823009 0.67983651226158 0.43141592920354 0.708446866485014 0.429203539823009 0.723433242506812 0.398230088495575 0.723433242506812 0.356194690265487 0.719346049046322 0.314159292035398 0.716621253405995 0.267699115044248 0.713896457765668 0.225663716814159 0.697547683923706 0.194690265486726 0.697547683923706 0.152654867256637 0.697547683923706 0.0973451327433628 0.70299727520436 0.0597345132743363 0.70299727520436 0.0199115044247788 0.689373297002725 0.00442477876106195 0.636239782016349 0.00884955752212389
0 0.760217983651226 0.00221238938053097 0.746594005449591 0.0685840707964602 0.746594005449591 0.0995575221238938 0.741144414168937 0.154867256637168 0.745231607629428 0.190265486725664 0.764305177111717 0.199115044247788 0.764305177111717 0.238938053097345 0.764305177111717 0.29646017699115 0.768392370572207 0.345132743362832 0.777929155313351 0.380530973451327 0.806539509536785 0.38716814159292 0.841961852861035 0.380530973451327 0.858310626702997 0.34070796460177 0.848773841961853 0.294247787610619 0.836512261580382 0.241150442477876 0.825613079019074 0.196902654867257 0.821525885558583 0.13716814159292 0.825613079019074 0.0641592920353982 0.832425068119891 0.00221238938053097
0 0.893732970027248 0.00442477876106195 0.891008174386921 0.0508849557522124 0.886920980926431 0.0951327433628319 0.88283378746594 0.134955752212389 0.88283378746594 0.185840707964602 0.881471389645777 0.230088495575221 0.892370572207084 0.265486725663717 0.891008174386921 0.305309734513274 0.895095367847412 0.360619469026549 0.9141689373297 0.38716814159292 0.948228882833787 0.389380530973451 0.974114441416894 0.378318584070796 0.987738419618529 0.349557522123894 0.982288828337875 0.300884955752212 0.974114441416894 0.254424778761062 0.964577656675749 0.207964601769911 0.955040871934605 0.154867256637168 0.959128065395095 0.0951327433628319 0.967302452316076 0.0376106194690266 0.965940054495913 0
0 0.228882833787466 0.575221238938053 0.246594005449591 0.557522123893805 0.26158038147139 0.550884955752212 0.282016348773842 0.548672566371681 0.303814713896458 0.548672566371681 0.318801089918256 0.577433628318584 0.321525885558583 0.632743362831859 0.322888283378747 0.674778761061947 0.309264305177112 0.712389380530973 0.298365122615804 0.75 0.298365122615804 0.792035398230089 0.299727520435967 0.853982300884956 0.294277929155313 0.918141592920354 0.294277929155313 0.964601769911504 0.282016348773842 0.984513274336283 0.254768392370572 0.991150442477876 0.212534059945504 0.984513274336283 0.217983651226158 0.90929203539823 0.220708446866485 0.838495575221239 0.219346049046322 0.778761061946903 0.216621253405995 0.716814159292035 0.217983651226158 0.652654867256637 0.220708446866485 0.610619469026549
0 0.35149863760218 0.548672566371681 0.369209809264305 0.530973451327434 0.392370572207085 0.528761061946903 0.416893732970027 0.528761061946903 0.434604904632153 0.54646017699115 0.442779291553134 0.573008849557522 0.445504087193461 0.617256637168142 0.453678474114441 0.679203539823009 0.442779291553134 0.707964601769912 0.435967302452316 0.741150442477876 0.425068119891008 0.756637168141593 0.423705722070845 0.794247787610619 0.427792915531335 0.851769911504425 0.422343324250681 0.90929203539823 0.420980926430518 0.955752212389381 0.411444141689373 0.984513274336283 0.370572207084469 0.995575221238938 0.340599455040872 0.986725663716814 0.341961852861035 0.938053097345133 0.350136239782016 0.882743362831859 0.352861035422343 0.803097345132743 0.346049046321526 0.712389380530973 0.35149863760218 0.652654867256637 0.350136239782016 0.581858407079646
0 0.487738419618529 0.586283185840708 0.506811989100817 0.56858407079646 0.536784741144414 0.570796460176991 0.565395095367847 0.579646017699115 0.574931880108992 0.617256637168142 0.576294277929155 0.65929203539823 0.569482288828338 0.701327433628319 0.55858310626703 0.747787610619469 0.547683923705722 0.79646017699115 0.543596730245232 0.858407079646018 0.540871934604905 0.898230088495575 0.538147138964578 0.940265486725664 0.461852861035422 0.938053097345133 0.471389645776567 0.873893805309734 0.475476839237057 0.803097345132743 0.486376021798365 0.75 0.483651226158038 0.701327433628319 0.487738419618529 0.657079646017699 0.485013623978202 0.617256637168142
0 0.622615803814714 0.579646017699115 0.641689373297003 0.564159292035398 0.666212534059946 0.56858407079646 0.689373297002725 0.573008849557522 0.70708446866485 0.588495575221239 0.712534059945504 0.628318584070796 0.709809264305177 0.65929203539823 0.701634877384196 0.696902654867257 0.685286103542234 0.725663716814159 0.677111716621253 0.792035398230089 0.671662125340599 0.851769911504425 0.674386920980927 0.896017699115044 0.674386920980927 0.944690265486726 0.610354223433243 0.942477876106195 0.606267029972752 0.876106194690265 0.606267029972752 0.809734513274336 0.602179836512262 0.769911504424779 0.610354223433243 0.721238938053097 0.611716621253406 0.663716814159292 0.615803814713896 0.608407079646018
0 0.752043596730245 0.597345132743363 0.747956403269755 0.630530973451327 0.746594005449591 0.670353982300885 0.743869209809264 0.712389380530973 0.750681198910082 0.761061946902655 0.731607629427793 0.794247787610619 0.735694822888283 0.865044247787611 0.73433242506812 0.911504424778761 0.742506811989101 0.942477876106195 0.810626702997275 0.938053097345133 0.811989100817439 0.88716814159292 0.813351498637602 0.84070796460177 0.810626702997275 0.761061946902655 0.818801089918256 0.712389380530973 0.829700272479564 0.685840707964602 0.836512261580382 0.63716814159292 0.837874659400545 0.601769911504425 0.829700272479564 0.575221238938053 0.798365122615804 0.570796460176991 0.771117166212534 0.573008849557522
0 0.881471389645777 0.606194690265487 0.88283378746594 0.639380530973451 0.87874659400545 0.676991150442478 0.871934604904632 0.723451327433628 0.885558583106267 0.785398230088496 0.877384196185286 0.811946902654867 0.877384196185286 0.86283185840708 0.876021798365123 0.918141592920354 0.880108991825613 0.951327433628319 0.944141689373297 0.946902654867257 0.944141689373297 0.898230088495575 0.944141689373297 0.84070796460177 0.944141689373297 0.783185840707965 0.953678474114442 0.758849557522124 0.953678474114442 0.719026548672566 0.961852861035422 0.688053097345133 0.967302452316076 0.650442477876106 0.976839237057221 0.61283185840708 0.96866485013624 0.581858407079646 0.952316076294278 0.56858407079646 0.923705722070845 0.564159292035398 0.897820163487739 0.573008849557522