0 0.0347432024169184 0.114583333333333 0.0332326283987915 0.208333333333333 0.0317220543806647 0.276041666666667 0.0347432024169184 0.34375 0.0453172205438066 0.388888888888889 0.0362537764350453 0.430555555555556 0.0287009063444109 0.479166666666667 0.0317220543806647 0.517361111111111 0.0362537764350453 0.545138888888889 0.06797583081571 0.548611111111111 0.110271903323263 0.548611111111111 0.131419939577039 0.524305555555555 0.137462235649547 0.470486111111111 0.140483383685801 0.407986111111111 0.126888217522659 0.355902777777778 0.122356495468278 0.303819444444444 0.114803625377644 0.262152777777778 0.122356495468278 0.227430555555556 0.120845921450151 0.189236111111111 0.105740181268882 0.185763888888889 0.11178247734139 0.138888888888889 0.11178247734139 0.111111111111111
0 0.20392749244713 0.112847222222222 0.196374622356495 0.175347222222222 0.199395770392749 0.215277777777778 0.199395770392749 0.282986111111111 0.200906344410876 0.328125 0.219033232628399 0.347222222222222 0.219033232628399 0.40625 0.214501510574018 0.447916666666667 0.200906344410876 0.473958333333333 0.208459214501511 0.498263888888889 0.223564954682779 0.512152777777778 0.216012084592145 0.545138888888889 0.288519637462236 0.546875 0.291540785498489 0.513888888888889 0.297583081570997 0.479166666666667 0.300604229607251 0.440972222222222 0.300604229607251 0.411458333333333 0.29607250755287 0.368055555555556 0.291540785498489 0.314236111111111 0.279456193353474 0.28125 0.277945619335347 0.239583333333333 0.282477341389728 0.175347222222222 0.270392749244713 0.175347222222222 0.280966767371601 0.114583333333333
0 0.377643504531722 0.125 0.379154078549849 0.178819444444444 0.370090634441088 0.197916666666667 0.373111782477341 0.260416666666667 0.365558912386707 0.315972222222222 0.391238670694864 0.348958333333333 0.392749244712991 0.395833333333333 0.386706948640483 0.440972222222222 0.374622356495468 0.463541666666667 0.374622356495468 0.498263888888889 0.380664652567976 0.532986111111111 0.401812688821752 0.545138888888889 0.430513595166163 0.541666666666667 0.454682779456193 0.53125 0.460725075528701 0.491319444444444 0.463746223564955 0.454861111111111 0.465256797583082 0.409722222222222 0.460725075528701 0.366319444444444 0.463746223564955 0.321180555555556 0.460725075528701 0.276041666666667 0.462235649546828 0.225694444444444 0.462235649546828 0.197916666666667 0.450151057401813 0.185763888888889 0.457703927492447 0.147569444444444 0.459214501510574 0.121527777777778
0 0.533232628398792 0.125 0.530211480362538 0.184027777777778 0.516616314199396 0.197916666666667 0.51963746223565 0.260416666666667 0.52416918429003 0.307291666666667 0.560422960725076 0.345486111111111 0.569486404833837 0.390625 0.561933534743202 0.454861111111111 0.549848942598187 0.46875 0.545317220543807 0.513888888888889 0.549848942598187 0.536458333333333 0.570996978851964 0.546875 0.604229607250755 0.546875 0.622356495468278 0.520833333333333 0.628398791540785 0.482638888888889 0.634441087613293 0.442708333333333 0.632930513595166 0.392361111111111 0.622356495468278 0.338541666666667 0.617824773413897 0.307291666666667 0.605740181268882 0.274305555555556 0.610271903323263 0.223958333333333 0.61631419939577 0.196180555555556 0.601208459214502 0.182291666666667 0.614803625377644 0.123263888888889
0 0.712990936555891 0.119791666666667 0.711480362537764 0.185763888888889 0.70392749244713 0.234375 0.70392749244713 0.300347222222222 0.726586102719033 0.335069444444444 0.734138972809668 0.392361111111111 0.735649546827795 0.446180555555556 0.720543806646526 0.46875 0.719033232628399 0.501736111111111 0.722054380664653 0.536458333333333 0.738670694864048 0.548611111111111 0.768882175226586 0.541666666666667 0.782477341389728 0.517361111111111 0.787009063444109 0.479166666666667 0.787009063444109 0.440972222222222 0.791540785498489 0.397569444444444 0.794561933534743 0.368055555555556 0.777945619335347 0.288194444444444 0.791540785498489 0.197916666666667 0.780966767371601 0.189236111111111 0.783987915407855 0.154513888888889 0.790030211480363 0.123263888888889
0 0.871601208459215 0.118055555555556 0.867069486404834 0.189236111111111 0.865558912386707 0.25 0.86404833836858 0.293402777777778 0.898791540785499 0.342013888888889 0.913897280966767 0.388888888888889 0.906344410876133 0.454861111111111 0.892749244712991 0.46875 0.894259818731118 0.508680555555556 0.909365558912387 0.526041666666667 0.941087613293051 0.522569444444444 0.954682779456193 0.493055555555556 0.957703927492447 0.451388888888889 0.95619335347432 0.401041666666667 0.963746223564955 0.354166666666667 0.950151057401813 0.277777777777778 0.960725075528701 0.196180555555556 0.948640483383686 0.184027777777778 0.954682779456193 0.123263888888889
0 0.0226586102719033 0.671875 0.0664652567975831 0.670138888888889 0.0996978851963746 0.671875 0.119335347432024 0.680555555555555 0.120845921450151 0.729166666666667 0.120845921450151 0.772569444444444 0.110271903323263 0.789930555555556 0.0785498489425982 0.798611111111111 0.0800604229607251 0.814236111111111 0.0966767371601208 0.826388888888889 0.101208459214502 0.868055555555556 0.101208459214502 0.904513888888889 0.0966767371601208 0.946180555555556 0.0921450151057402 1 0.0120845921450151 0.996527777777778 0.0166163141993958 0.951388888888889 0.0181268882175227 0.904513888888889 0.0241691842900302 0.868055555555556 0.0302114803625378 0.822916666666667 0.0226586102719033 0.788194444444444
0 0.197885196374622 0.670138888888889 0.194864048338369 0.744791666666667 0.196374622356495 0.805555555555556 0.190332326283988 0.828125 0.191842900302115 0.890625 0.176737160120846 0.930555555555556 0.158610271903323 0.930555555555556 0.155589123867069 0.967013888888889 0.163141993957704 0.994791666666667 0.246223564954683 0.994791666666667 0.244712990936556 0.944444444444444 0.25226586102719 0.901041666666667 0.262839879154079 0.864583333333333 0.250755287009063 0.800347222222222 0.273413897280967 0.793402777777778 0.285498489425982 0.739583333333333 0.29607250755287 0.675347222222222 0.270392749244713 0.666666666666667 0.240181268882175 0.664930555555556
0 0.368580060422961 0.661458333333333 0.401812688821752 0.659722222222222 0.427492447129909 0.659722222222222 0.45619335347432 0.670138888888889 0.454682779456193 0.723958333333333 0.444108761329305 0.762152777777778 0.429003021148036 0.795138888888889 0.401812688821752 0.798611111111111 0.406344410876133 0.8125 0.421450151057402 0.828125 0.422960725075529 0.885416666666667 0.41238670694864 0.934027777777778 0.409365558912387 0.993055555555555 0.321752265861027 0.996527777777778 0.318731117824773 0.927083333333333 0.36404833836858 0.925347222222222 0.368580060422961 0.892361111111111 0.367069486404834 0.779513888888889 0.368580060422961 0.722222222222222
0 0.540785498489426 0.661458333333333 0.56797583081571 0.657986111111111 0.590634441087613 0.657986111111111 0.614803625377644 0.671875 0.619335347432024 0.713541666666667 0.605740181268882 0.75 0.604229607250755 0.786458333333333 0.583081570996979 0.800347222222222 0.58761329305136 0.836805555555556 0.590634441087613 0.881944444444444 0.58761329305136 0.935763888888889 0.584592145015106 0.973958333333333 0.581570996978852 1 0.496978851963746 0.998263888888889 0.496978851963746 0.925347222222222 0.530211480362538 0.916666666666667 0.539274924471299 0.857638888888889 0.534743202416918 0.782986111111111 0.534743202416918 0.723958333333333
0 0.70392749244713 0.661458333333333 0.750755287009063 0.661458333333333 0.774924471299094 0.666666666666667 0.779456193353474 0.697916666666667 0.773413897280967 0.743055555555555 0.774924471299094 0.789930555555556 0.75226586102719 0.803819444444444 0.732628398791541 0.803819444444444 0.746223564954683 0.822916666666667 0.746223564954683 0.871527777777778 0.735649546827795 0.914930555555556 0.732628398791541 0.958333333333333 0.735649546827795 0.991319444444444 0.645015105740181 0.991319444444444 0.651057401812689 0.958333333333333 0.654078549848943 0.921875 0.693353474320242 0.914930555555556 0.70392749244713 0.869791666666667 0.708459214501511 0.810763888888889 0.705438066465257 0.758680555555556 0.705438066465257 0.697916666666667
0 0.880664652567976 0.666666666666667 0.910876132930514 0.661458333333333 0.929003021148036 0.670138888888889 0.939577039274924 0.715277777777778 0.93202416918429 0.763888888888889 0.919939577039275 0.800347222222222 0.919939577039275 0.840277777777778 0.919939577039275 0.90625 0.91238670694864 0.9375 0.921450151057402 0.989583333333333 0.824773413897281 0.993055555555555 0.830815709969788 0.942708333333333 0.836858006042296 0.914930555555556 0.873111782477341 0.913194444444444 0.877643504531722 0.875 0.877643504531722 0.796875 0.880664652567976 0.703125
