0 0.209809264305177 0.0997679814385151 0.204359673024523 0.206496519721578 0.216621253405995 0.232018561484919 0.211171662125341 0.299303944315545 0.215258855585831 0.357308584686775 0.219346049046322 0.415313225058005 0.246594005449591 0.440835266821346 0.273841961852861 0.445475638051044 0.29291553133515 0.410672853828306 0.298365122615804 0.364269141531323 0.294277929155313 0.31554524361949 0.280653950953679 0.264501160092807 0.271117166212534 0.208816705336427 0.275204359673025 0.0997679814385151
0 0.331062670299728 0.0974477958236659 0.326975476839237 0.176334106728538 0.329700272479564 0.225058004640371 0.341961852861035 0.245939675174014 0.333787465940054 0.303944315545244 0.335149863760218 0.345707656612529 0.331062670299728 0.39907192575406 0.333787465940054 0.4292343387471 0.346049046321526 0.447795823665893 0.369209809264305 0.464037122969838 0.395095367847412 0.45707656612529 0.415531335149864 0.417633410672854 0.422343324250681 0.378190255220418 0.419618528610354 0.331786542923434 0.405994550408719 0.287703016241299 0.391008174386921 0.248259860788863 0.392370572207084 0.201856148491879 0.392370572207084 0.164733178654292 0.397820163487738 0.102088167053364
0 0.434604904632153 0.109048723897912 0.449591280653951 0.187935034802784 0.450953678474114 0.238979118329466 0.457765667574932 0.287703016241299 0.456403269754768 0.348027842227378 0.456403269754768 0.403712296983759 0.456403269754768 0.447795823665893 0.476839237057221 0.468677494199536 0.509536784741144 0.468677494199536 0.53133514986376 0.459396751740139 0.549046321525886 0.433874709976798 0.546321525885559 0.364269141531323 0.542234332425068 0.31322505800464 0.525885558583106 0.283062645011601 0.520435967302452 0.234338747099768 0.50408719346049 0.183294663573086 0.508174386920981 0.0997679814385151
0 0.591280653950954 0.116009280742459 0.576294277929155 0.190255220417633 0.570844686648501 0.220417633410673 0.577656675749319 0.271461716937355 0.580381471389646 0.338747099767981 0.579019073569482 0.396751740139211 0.581743869209809 0.438515081206497 0.595367847411444 0.464037122969838 0.615803814713896 0.468677494199536 0.636239782016349 0.466357308584687 0.653950953678474 0.464037122969838 0.664850136239782 0.438515081206497 0.670299727520436 0.392111368909513 0.671662125340599 0.341067285382831 0.662125340599455 0.292343387470998 0.652588555858311 0.243619489559165 0.647138964577657 0.194895591647332 0.652588555858311 0.125290023201856
0 0.709809264305177 0.132250580046404 0.701634877384196 0.211136890951276 0.701634877384196 0.255220417633411 0.696185286103542 0.31322505800464 0.701634877384196 0.380510440835267 0.700272479564033 0.426914153132251 0.70708446866485 0.461716937354988 0.73433242506812 0.480278422273782 0.762942779291553 0.477958236658933 0.779291553133515 0.461716937354988 0.791553133514986 0.419953596287703 0.795640326975477 0.373549883990719 0.787465940054496 0.320185614849188 0.775204359673024 0.266821345707657 0.769754768392371 0.225058004640371 0.776566757493188 0.1415313225058
0 0.818801089918256 0.17169373549884 0.811989100817439 0.225058004640371 0.82016348773842 0.266821345707657 0.817438692098093 0.322505800464037 0.822888283378747 0.382830626450116 0.822888283378747 0.433874709976798 0.835149863760218 0.473317865429234 0.858310626702997 0.482598607888631 0.888283378746594 0.473317865429234 0.901907356948229 0.431554524361949 0.897820163487738 0.389791183294664 0.901907356948229 0.341067285382831 0.899182561307902 0.292343387470998 0.88283378746594 0.248259860788863 0.87874659400545 0.208816705336427 0.885558583106267 0.169373549883991
0 0.211171662125341 0.54292343387471 0.243869209809264 0.538283062645012 0.272479564032698 0.547563805104408 0.291553133514986 0.582366589327146 0.29700272479564 0.635730858468678 0.291553133514986 0.693735498839907 0.276566757493188 0.730858468677494 0.268392370572207 0.77030162412993 0.269754768392371 0.812064965197216 0.264305177111717 0.870069605568445 0.192098092643052 0.867749419953596 0.194822888283379 0.823665893271462 0.204359673024523 0.77030162412993 0.197547683923706 0.721577726218097 0.201634877384196 0.65661252900232 0.201634877384196 0.593967517401392
0 0.328337874659401 0.554524361948956 0.358310626702997 0.545243619489559 0.38283378746594 0.554524361948956 0.401907356948229 0.563805104408353 0.412806539509537 0.612529002320186 0.416893732970027 0.677494199535963 0.404632152588556 0.719257540603248 0.391008174386921 0.765661252900232 0.388283378746594 0.802784222737819 0.393732970027248 0.849187935034803 0.328337874659401 0.851508120649652 0.326975476839237 0.821345707656613 0.331062670299728 0.781902552204176 0.325613079019074 0.737819025522042 0.311989100817439 0.709976798143852 0.321525885558583 0.640371229698376 0.318801089918256 0.587006960556845
0 0.446866485013624 0.610208816705336 0.467302452316076 0.589327146171694 0.498637602179836 0.591647331786543 0.520435967302452 0.605568445475638 0.532697547683924 0.65661252900232 0.529972752043597 0.707656612529002 0.516348773841962 0.747099767981439 0.491825613079019 0.781902552204176 0.49591280653951 0.832946635730859 0.491825613079019 0.877030162412993 0.419618528610354 0.867749419953596 0.426430517711172 0.819025522041763 0.434604904632153 0.784222737819026 0.434604904632153 0.74245939675174 0.444141689373297 0.651972157772622
0 0.572207084468665 0.614849187935035 0.599455040871935 0.603248259860789 0.632152588555858 0.605568445475638 0.651226158038147 0.642691415313225 0.647138964577657 0.689095127610209 0.637602179836512 0.735498839907193 0.618528610354223 0.751740139211137 0.610354223433243 0.80046403712297 0.599455040871935 0.82830626450116 0.599455040871935 0.888631090487239 0.540871934604905 0.88631090487239 0.543596730245232 0.839907192575406 0.547683923705722 0.786542923433875 0.557220708446866 0.74245939675174 0.561307901907357 0.675174013921114
0 0.686648501362398 0.603248259860789 0.720708446866485 0.605568445475638 0.741144414168937 0.612529002320186 0.764305177111717 0.614849187935035 0.767029972752044 0.663573085846868 0.760217983651226 0.71461716937355 0.746594005449591 0.767981438515081 0.735694822888283 0.809744779582367 0.719346049046321 0.816705336426914 0.709809264305177 0.867749419953596 0.698910081743869 0.909512761020882 0.64441416893733 0.902552204176334 0.647138964577657 0.85614849187935 0.652588555858311 0.816705336426914 0.677111716621253 0.805104408352668 0.674386920980926 0.751740139211137 0.677111716621253 0.693735498839907 0.67983651226158 0.645011600928074
0 0.805177111716621 0.584686774941995 0.803814713896458 0.638051044083527 0.799727520435967 0.703016241299304 0.794277929155313 0.763341067285383 0.788828337874659 0.795823665893271 0.76158038147139 0.821345707656613 0.757493188010899 0.870069605568445 0.756130790190736 0.904872389791183 0.826975476839237 0.907192575406032 0.826975476839237 0.863109048723898 0.839237057220709 0.819025522041763 0.848773841961853 0.761020881670534 0.869209809264305 0.719257540603248 0.87874659400545 0.675174013921114 0.880108991825613 0.612529002320186 0.873297002724796 0.587006960556845 0.856948228882834 0.561484918793504 0.828337874659401 0.563805104408353