0 0.0712816997943797 0.201480263157895 0.0692254969156957 0.249177631578947 0.065123010130246 0.274305555555556 0.065123010130246 0.3125 0.0434153400868307 0.328125 0.0419681620839363 0.373263888888889 0.0419681620839363 0.420138888888889 0.0434153400868307 0.454861111111111 0.163810829335161 0.456414473684211 0.162083936324168 0.404513888888889 0.161069225496916 0.351973684210526 0.15629522431259 0.324652777777778 0.151953690303907 0.28125 0.139136394790953 0.245065789473684 0.133653187114462 0.194901315789474
0 0.218642906100069 0.217105263157895 0.222069910897875 0.268092105263158 0.218642906100069 0.290296052631579 0.2145305003427 0.329769736842105 0.200822481151474 0.346217105263158 0.201507882111035 0.473684210526316 0.322138450993831 0.476151315789474 0.322138450993831 0.430098684210526 0.32145305003427 0.393092105263158 0.320082248115147 0.358552631578947 0.295224312590449 0.342013888888889 0.295224312590449 0.310763888888889 0.295407813570939 0.268914473684211 0.289239204934887 0.215460526315789
0 0.383824537354352 0.236842105263158 0.38245373543523 0.264802631578947 0.381768334475668 0.285361842105263 0.381082933516107 0.314144736842105 0.381768334475668 0.337993421052632 0.368060315284441 0.351151315789474 0.36737491432488 0.481907894736842 0.477724468814256 0.482730263157895 0.477724468814256 0.365953947368421 0.475668265935572 0.349506578947368 0.472241261137766 0.327302631578947 0.472241261137766 0.300986842105263 0.46949965729952 0.285361842105263 0.464016449623029 0.272203947368421 0.455791638108293 0.258223684210526 0.449623029472241 0.233552631578947
0 0.518163125428376 0.211348684210526 0.512679917751885 0.236842105263158 0.509252912954078 0.272203947368421 0.509938313913639 0.309210526315789 0.531185743660041 0.315789473684211 0.529814941740918 0.493421052631579 0.6410998552822 0.494791666666667 0.640164496230295 0.414473684210526 0.64290610006854 0.381578947368421 0.633310486634681 0.376644736842105 0.629198080877313 0.361842105263158 0.633310486634681 0.342105263157895 0.641535298149417 0.324013157894737 0.654557916381083 0.303453947368421 0.65798492117889 0.268092105263158 0.658670322138451 0.227796052631579 0.65798492117889 0.192434210526316 0.65318711446196 0.157894736842105 0.531871144619603 0.151315789473684 0.522960932145305 0.178453947368421
0 0.664153529814942 0.234375 0.666209732693626 0.280427631578947 0.67438494934877 0.322916666666667 0.685962373371925 0.328125 0.687409551374819 0.368055555555556 0.688856729377713 0.404513888888889 0.691751085383502 0.449652777777778 0.691751085383502 0.506944444444444 0.792323509252913 0.508223684210526 0.792323509252913 0.459703947368421 0.790159189580318 0.414930555555556 0.775873886223441 0.379111842105263 0.784370477568741 0.359375 0.80123372172721 0.358552631578947 0.80123372172721 0.326480263157895 0.797121315969842 0.275493421052632 0.794379712131597 0.234375 0.788896504455106 0.186677631578947 0.666895133653187 0.1875
0 0.816997943797121 0.236019736842105 0.816997943797121 0.285361842105263 0.817683344756683 0.339638157894737 0.836189170664839 0.356907894736842 0.837916063675832 0.366319444444444 0.840810419681621 0.411458333333333 0.840810419681621 0.456597222222222 0.843043180260452 0.518914473684211 0.941055517477724 0.519736842105263 0.93899931459904 0.471217105263158 0.939218523878437 0.420138888888889 0.932145305003427 0.387335526315789 0.943111720356408 0.364309210526316 0.944482522275531 0.319901315789474 0.944482522275531 0.279605263157895 0.94379712131597 0.256578947368421 0.940370116518163 0.234375 0.931459904043866 0.206414473684211 0.817683344756683 0.207236842105263
0 0.161754626456477 0.551809210526316 0.159698423577793 0.632401315789474 0.159189580318379 0.680555555555556 0.159013022618232 0.726151315789474 0.119945167923235 0.725328947368421 0.115147361206306 0.736019736842105 0.120630568882796 0.754111842105263 0.123372172721042 0.774671052631579 0.12268677176148 0.801809210526316 0.123372172721042 0.839638157894737 0.043865661411926 0.842105263157895 0.0411240575736806 0.807565789473684 0.0404386566141193 0.787006578947368 0.0418094585332419 0.762335526315789 0.043865661411926 0.741776315789474 0.0541466758053461 0.733552631578947 0.0562028786840302 0.71875 0.0363262508567512 0.721217105263158 0.0370116518163125 0.552631578947368
0 0.201507882111035 0.559210526315789 0.201157742402316 0.585069444444444 0.199710564399421 0.628472222222222 0.201157742402316 0.668402777777778 0.201157742402316 0.706597222222222 0.201157742402316 0.729166666666667 0.226867717614805 0.731085526315789 0.220013708019191 0.751644736842105 0.206305688827964 0.758223684210526 0.202878684030158 0.791118421052632 0.200822481151474 0.821546052631579 0.204934886908842 0.837171052631579 0.207676490747087 0.880756578947368 0.28581220013708 0.882401315789474 0.287868403015764 0.840460526315789 0.287183002056203 0.805921052631579 0.289924605894448 0.768092105263158 0.284441398217958 0.754934210526316 0.287183002056203 0.733552631578947 0.323509252912954 0.733552631578947 0.324880054832077 0.560032894736842
0 0.368745716244003 0.580592105263158 0.369030390738061 0.699652777777778 0.369030390738061 0.723958333333333 0.363262508567512 0.738486842105263 0.391363947909527 0.737664473684211 0.387251542152159 0.760690789473684 0.373543522960932 0.771381578947368 0.370801919122687 0.811677631578947 0.370801919122687 0.835526315789474 0.374228923920493 0.853618421052632 0.376970527758739 0.884046052631579 0.453050034270048 0.883223684210526 0.453050034270048 0.782894736842105 0.44893762851268 0.765625 0.448252227553119 0.746710526315789 0.480466072652502 0.749177631578947 0.480466072652502 0.583881578947368
0 0.533927347498287 0.592105263157895 0.534008683068017 0.638888888888889 0.535455861070912 0.696180555555556 0.535455861070912 0.723958333333333 0.522275531185744 0.739309210526316 0.523646333104866 0.756578947368421 0.542152159013023 0.754934210526316 0.542691751085384 0.772569444444444 0.53050034270048 0.776315789473684 0.525017135023989 0.787828947368421 0.524331734064428 0.810855263157895 0.524331734064428 0.855263157894737 0.527073337902673 0.892269736842105 0.602467443454421 0.885690789473684 0.60726525017135 0.849506578947368 0.608636052090473 0.796052631578947 0.598355037697053 0.787006578947368 0.602026049204052 0.760416666666667 0.643591501028101 0.760690789473684 0.639479095270733 0.690789473684211 0.647018505825908 0.683388157894737 0.648389307745031 0.668585526315789 0.649074708704592 0.625 0.638793694311172 0.621710526315789 0.636052090472927 0.607730263157895 0.638108293351611 0.592927631578947
0 0.69910897875257 0.601973684210526 0.699794379712132 0.745065789473684 0.688142563399589 0.75 0.688142563399589 0.759868421052632 0.712131596984236 0.758223684210526 0.713502398903359 0.782072368421053 0.707333790267306 0.792763157894737 0.698986975397974 0.800347222222222 0.700479780671693 0.848684210526316 0.700479780671693 0.874177631578947 0.711446196024674 0.893092105263158 0.785469499657299 0.888980263157895 0.784098697738177 0.848684210526316 0.781357093899931 0.804276315789474 0.771761480466073 0.782072368421053 0.771761480466073 0.758223684210526 0.799862919808088 0.759868421052632 0.800548320767649 0.605263157894737
0 0.855380397532556 0.614309210526316 0.862919808087731 0.747532894736842 0.849493487698987 0.758680555555556 0.868403015764222 0.764802631578947 0.868306801736614 0.786458333333333 0.85743660041124 0.788651315789474 0.850582590815627 0.796052631578947 0.851267991775188 0.832236842105263 0.856065798492118 0.853618421052632 0.859492803289925 0.87828947368421 0.858807402330363 0.907072368421053 0.934201507882111 0.915296052631579 0.934886908841672 0.876644736842105 0.934876989869754 0.836805555555555 0.92871830020562 0.794407894736842 0.920493488690884 0.786184210526316 0.921852387843705 0.765625 0.94356005788712 0.763888888888889 0.949348769898698 0.732638888888889 0.950795947901592 0.692708333333333 0.950795947901592 0.647569444444444 0.936257710760795 0.615953947368421
