0 0.0839126117179742 0.706521739130435 0.0868917576961271 0.641304347826087 0.0888778550148957 0.578804347826087 0.08987090367428 0.513586956521739 0.0933465739821251 0.453804347826087 0.0958291956305859 0.385869565217391 0.0988083416087388 0.33695652173913 0.100297914597815 0.285326086956522 0.100297914597815 0.239130434782609 0.103277060575968 0.201086956521739 0.107249255213505 0.165760869565217 0.111717974180735 0.14945652173913 0.117676266137041 0.138586956521739 0.126613704071499 0.135869565217391 0.133068520357498 0.133152173913043 0.139026812313803 0.135869565217391 0.142999006951341 0.157608695652174 0.144985104270109 0.203804347826087 0.143495531281033 0.25 0.142005958291956 0.301630434782609 0.141509433962264 0.347826086956522 0.140019860973188 0.394021739130435 0.136544190665343 0.451086956521739 0.132075471698113 0.5 0.125620655412115 0.548913043478261 0.124131082423039 0.58695652173913 0.123138033763654 0.635869565217391 0.121648460774578 0.684782608695652 0.119165839126117 0.722826086956522
0 0.161866931479642 0.720108695652174 0.161866931479642 0.654891304347826 0.160873882820258 0.584239130434782 0.161866931479642 0.52445652173913 0.163853028798411 0.459239130434783 0.164349553128103 0.404891304347826 0.16583912611718 0.364130434782609 0.168321747765641 0.328804347826087 0.166832174776564 0.282608695652174 0.164846077457795 0.255434782608696 0.163853028798411 0.214673913043478 0.165342601787488 0.176630434782609 0.166335650446872 0.146739130434783 0.171300893743793 0.122282608695652 0.177755710029791 0.111413043478261 0.183714001986097 0.114130434782609 0.188679245283019 0.122282608695652 0.193147964250248 0.141304347826087 0.198609731876862 0.171195652173913 0.202581926514399 0.201086956521739 0.203078450844091 0.244565217391304 0.204071499503476 0.293478260869565 0.20506454816286 0.342391304347826 0.20506454816286 0.39945652173913 0.203574975173784 0.459239130434783 0.201588877855015 0.516304347826087 0.200099304865938 0.578804347826087 0.198609731876862 0.630434782608696 0.197616683217478 0.679347826086957 0.197616683217478 0.717391304347826 0.192651439920556 0.739130434782609
0 0.231380337636544 0.75 0.228897715988083 0.701086956521739 0.227408142999007 0.625 0.226911618669315 0.559782608695652 0.226415094339623 0.519021739130435 0.224428997020854 0.464673913043478 0.22591857000993 0.404891304347826 0.228897715988083 0.355978260869565 0.228401191658391 0.282608695652174 0.225422045680238 0.244565217391304 0.223932472691162 0.198369565217391 0.224428997020854 0.125 0.227408142999007 0.0760869565217391 0.232869910625621 0.0489130434782609 0.240814299900695 0.0407608695652174 0.246276067527309 0.0407608695652174 0.254220456802383 0.0489130434782609 0.259185700099305 0.0597826086956522 0.262164846077458 0.103260869565217 0.26266137040715 0.14945652173913 0.263654419066534 0.198369565217391 0.265143992055611 0.230978260869565 0.267626613704071 0.271739130434783 0.267626613704071 0.317934782608696 0.266633565044687 0.366847826086957 0.267626613704071 0.41304347826087 0.268123138033764 0.459239130434783 0.268619662363456 0.5 0.267130089374379 0.546195652173913 0.265143992055611 0.595108695652174 0.264150943396226 0.646739130434783 0.264647467725919 0.739130434782609
0 0.279046673286991 0.739130434782609 0.279543197616683 0.682065217391304 0.279046673286991 0.625 0.278550148957299 0.576086956521739 0.277060575968222 0.513586956521739 0.277557100297915 0.459239130434783 0.280536246276068 0.383152173913043 0.284508440913605 0.339673913043478 0.284011916583913 0.258152173913043 0.280536246276068 0.228260869565217 0.278550148957299 0.1875 0.280039721946375 0.138586956521739 0.284011916583913 0.10054347826087 0.290963257199603 0.0625 0.298907646474677 0.0434782608695652 0.30635551142006 0.0407608695652174 0.31330685203575 0.0407608695652174 0.318768619662363 0.0543478260869565 0.323733862959285 0.0706521739130435 0.325719960278054 0.0978260869565217 0.327706057596822 0.141304347826087 0.328699106256207 0.203804347826087 0.328699106256207 0.255434782608696 0.328202581926514 0.3125 0.325223435948361 0.364130434782609 0.324230387288977 0.423913043478261 0.324726911618669 0.470108695652174 0.323733862959285 0.519021739130435 0.321747765640516 0.565217391304348 0.32025819265144 0.625 0.317775571002979 0.682065217391304 0.315789473684211 0.755434782608696
0 0.344587884806356 0.75 0.343098311817279 0.684782608695652 0.341608738828203 0.611413043478261 0.339622641509434 0.546195652173913 0.337636544190665 0.486413043478261 0.337636544190665 0.423913043478261 0.339622641509434 0.361413043478261 0.346077457795432 0.301630434782609 0.346077457795432 0.244565217391304 0.344587884806356 0.195652173913043 0.344587884806356 0.144021739130435 0.347567030784508 0.103260869565217 0.354021847070506 0.0760869565217391 0.359980139026812 0.0652173913043478 0.367428003972195 0.0652173913043478 0.373882820258193 0.0760869565217391 0.376861966236346 0.105978260869565 0.380337636544191 0.154891304347826 0.382323733862959 0.217391304347826 0.384309831181728 0.263586956521739 0.386295928500496 0.315217391304348 0.385302879841112 0.369565217391304 0.385302879841112 0.423913043478261 0.383316782522344 0.478260869565217 0.381827209533267 0.535326086956522 0.381330685203575 0.584239130434782 0.381330685203575 0.635869565217391 0.381330685203575 0.730978260869565
0 0.406156901688183 0.720108695652174 0.404170804369414 0.64945652173913 0.401191658391261 0.603260869565217 0.399205561072493 0.543478260869565 0.399702085402185 0.489130434782609 0.401191658391261 0.421195652173913 0.402681231380338 0.366847826086957 0.405163853028798 0.320652173913043 0.404667328699106 0.285326086956522 0.402681231380338 0.247282608695652 0.400695134061569 0.201086956521739 0.400695134061569 0.154891304347826 0.403674280039722 0.105978260869565 0.407646474677259 0.0842391304347826 0.413108242303873 0.0733695652173913 0.420556107249255 0.0733695652173913 0.427507447864945 0.0842391304347826 0.433465739821251 0.0951086956521739 0.435948361469712 0.122282608695652 0.437437934458788 0.160326086956522 0.438430983118173 0.201086956521739 0.439424031777557 0.233695652173913 0.440417080436941 0.27445652173913 0.44240317775571 0.296195652173913 0.443892750744786 0.334239130434783 0.444389275074479 0.377717391304348 0.443892750744786 0.434782608695652 0.439920556107249 0.480978260869565 0.438430983118173 0.521739130434783 0.438430983118173 0.565217391304348 0.438927507447865 0.616847826086957 0.440417080436941 0.657608695652174 0.440417080436941 0.71195652173913
0 0.452830188679245 0.739130434782609 0.451837140019861 0.679347826086957 0.451837140019861 0.619565217391304 0.451837140019861 0.565217391304348 0.449851042701092 0.52445652173913 0.450844091360477 0.470108695652174 0.454816285998014 0.421195652173913 0.46077457795432 0.364130434782609 0.463753723932473 0.320652173913043 0.464746772591857 0.263586956521739 0.463257199602781 0.228260869565217 0.46077457795432 0.203804347826087 0.460278053624628 0.160326086956522 0.464250248262165 0.144021739130435 0.469712015888779 0.133152173913043 0.476166832174777 0.125 0.483614697120159 0.135869565217391 0.489076464746773 0.157608695652174 0.491559086395233 0.201086956521739 0.491559086395233 0.255434782608696 0.491062562065541 0.301630434782609 0.492055610724926 0.347826086956522 0.494041708043694 0.402173913043478 0.494041708043694 0.46195652173913 0.492552135054618 0.510869565217391 0.490069513406157 0.551630434782609 0.487586891757696 0.584239130434782 0.487090367428004 0.627717391304348 0.487586891757696 0.730978260869565
0 0.51390268123138 0.785326086956522 0.511916583912612 0.744565217391304 0.509930486593843 0.695652173913043 0.510427010923535 0.635869565217391 0.51142005958292 0.58695652173913 0.51390268123138 0.546195652173913 0.512413108242304 0.478260869565217 0.512413108242304 0.432065217391304 0.514399205561073 0.383152173913043 0.517874875868918 0.33695652173913 0.51837140019861 0.290760869565217 0.516385302879841 0.244565217391304 0.516881827209533 0.206521739130435 0.520357497517378 0.176630434782609 0.527308838133069 0.165760869565217 0.535253227408143 0.16304347826087 0.542204568023833 0.184782608695652 0.547666335650447 0.220108695652174 0.549652432969215 0.252717391304348 0.552135054617676 0.304347826086956 0.552631578947368 0.355978260869565 0.553624627606753 0.418478260869565 0.553624627606753 0.47554347826087 0.553624627606753 0.546195652173913 0.553128103277061 0.58695652173913 0.552135054617676 0.635869565217391 0.551142005958292 0.690217391304348 0.5506454816286 0.771739130434783
0 0.562065541211519 0.793478260869565 0.561072492552135 0.736413043478261 0.563555114200596 0.654891304347826 0.564051638530288 0.605978260869565 0.565044687189672 0.559782608695652 0.564051638530288 0.508152173913043 0.565541211519364 0.445652173913043 0.568520357497517 0.396739130434783 0.575471698113208 0.366847826086957 0.579443892750745 0.317934782608696 0.576961271102284 0.27445652173913 0.573485600794439 0.239130434782609 0.57149950347567 0.195652173913043 0.57149950347567 0.14945652173913 0.573485600794439 0.119565217391304 0.581926514399206 0.0896739130434783 0.592850049652433 0.0869565217391304 0.600297914597815 0.10054347826087 0.605263157894737 0.122282608695652 0.609235352532274 0.146739130434783 0.61072492552135 0.171195652173913 0.612214498510427 0.21195652173913 0.611221449851043 0.285326086956522 0.603277060575968 0.301630434782609 0.602780536246276 0.345108695652174 0.605263157894737 0.404891304347826 0.606256206554121 0.47554347826087 0.605759682224429 0.535326086956522 0.602780536246276 0.58695652173913 0.600794438927508 0.64945652173913 0.600794438927508 0.695652173913043 0.600297914597815 0.777173913043478
0 0.615690168818272 0.779891304347826 0.617179741807348 0.706521739130435 0.618172790466733 0.654891304347826 0.616186693147964 0.597826086956522 0.616683217477656 0.546195652173913 0.618669314796425 0.494565217391304 0.620655412115194 0.445652173913043 0.625620655412115 0.410326086956522 0.632075471698113 0.391304347826087 0.637537239324727 0.364130434782609 0.637040714995035 0.301630434782609 0.633068520357498 0.282608695652174 0.628599801390268 0.25 0.626117179741807 0.206521739130435 0.627606752730884 0.168478260869565 0.631082423038729 0.135869565217391 0.638530287984111 0.105978260869565 0.648460774577954 0.0978260869565217 0.657894736842105 0.108695652173913 0.663356504468719 0.125 0.66583912611718 0.157608695652174 0.667328699106256 0.198369565217391 0.668321747765641 0.25 0.668818272095333 0.304347826086956 0.668818272095333 0.355978260869565 0.668321747765641 0.410326086956522 0.666335650446872 0.464673913043478 0.660377358490566 0.52445652173913 0.656901688182721 0.573369565217391 0.654915590863952 0.630434782608696 0.654915590863952 0.692934782608696 0.655412115193645 0.766304347826087
0 0.669811320754717 0.766304347826087 0.669811320754717 0.703804347826087 0.669811320754717 0.635869565217391 0.670804369414101 0.559782608695652 0.670804369414101 0.508152173913043 0.673286991062562 0.448369565217391 0.676762661370407 0.404891304347826 0.684707050645482 0.369565217391304 0.692154915590864 0.353260869565217 0.692651439920556 0.290760869565217 0.689672293942403 0.260869565217391 0.689672293942403 0.214673913043478 0.691658391261172 0.179347826086957 0.69811320754717 0.146739130434783 0.706057596822244 0.135869565217391 0.713008937437934 0.144021739130435 0.717974180734856 0.165760869565217 0.721449851042701 0.190217391304348 0.723932472691162 0.230978260869565 0.722939424031778 0.27445652173913 0.719463753723932 0.3125 0.715491559086395 0.358695652173913 0.714001986097319 0.404891304347826 0.714001986097319 0.472826086956522 0.713008937437934 0.519021739130435 0.711022840119166 0.5625 0.709036742800397 0.595108695652174 0.706554121151936 0.646739130434783 0.706057596822244 0.695652173913043 0.70506454816286 0.766304347826087
0 0.72591857000993 0.793478260869565 0.72591857000993 0.72554347826087 0.727408142999007 0.671195652173913 0.727408142999007 0.614130434782609 0.728401191658391 0.557065217391304 0.73038728897716 0.513586956521739 0.732373386295929 0.456521739130435 0.738331678252234 0.410326086956522 0.746772591857001 0.394021739130435 0.75124131082423 0.383152173913043 0.751737835153923 0.309782608695652 0.749255213505462 0.27445652173913 0.747765640516385 0.25 0.745779543197617 0.214673913043478 0.747765640516385 0.176630434782609 0.753723932472691 0.154891304347826 0.761171797418074 0.141304347826087 0.768123138033764 0.144021739130435 0.773584905660377 0.154891304347826 0.779046673286991 0.16304347826087 0.783018867924528 0.190217391304348 0.785501489572989 0.233695652173913 0.785501489572989 0.279891304347826 0.787487586891758 0.323369565217391 0.787487586891758 0.366847826086957 0.785501489572989 0.41304347826087 0.779543197616683 0.442934782608696 0.775074478649454 0.491847826086956 0.771102284011916 0.532608695652174 0.767626613704071 0.576086956521739 0.765640516385303 0.616847826086957 0.763654419066534 0.66304347826087 0.764150943396226 0.709239130434783 0.764150943396226 0.796195652173913
0 0.807348560079444 0.660326086956522 0.80635551142006 0.60054347826087 0.804369414101291 0.546195652173913 0.803376365441907 0.491847826086956 0.80188679245283 0.426630434782609 0.801390268123138 0.380434782608696 0.803872889771599 0.331521739130435 0.805858987090367 0.298913043478261 0.802879841112214 0.271739130434783 0.800397219463754 0.241847826086957 0.798907646474677 0.214673913043478 0.798411122144985 0.173913043478261 0.800397219463754 0.138586956521739 0.80635551142006 0.108695652173913 0.814299900695134 0.0978260869565217 0.82025819265144 0.0951086956521739 0.826713008937438 0.105978260869565 0.833167825223436 0.130434782608696 0.837140019860973 0.154891304347826 0.839622641509434 0.198369565217391 0.839622641509434 0.236413043478261 0.838133068520358 0.279891304347826 0.838133068520358 0.315217391304348 0.837140019860973 0.353260869565217 0.836146971201589 0.402173913043478 0.836146971201589 0.445652173913043 0.837636544190665 0.491847826086956 0.837636544190665 0.52445652173913 0.837636544190665 0.573369565217391 0.837636544190665 0.625 0.836146971201589 0.671195652173913
0 0.83862959285005 0.769021739130435 0.83862959285005 0.701086956521739 0.837636544190665 0.660326086956522 0.83862959285005 0.603260869565217 0.84111221449851 0.551630434782609 0.844091360476663 0.478260869565217 0.848063555114201 0.434782608695652 0.853525322740814 0.407608695652174 0.86395233366435 0.396739130434783 0.862959285004965 0.3125 0.858987090367428 0.285326086956522 0.854021847070506 0.252717391304348 0.853525322740814 0.209239130434783 0.855511420059583 0.176630434782609 0.860973187686197 0.14945652173913 0.865938430983118 0.130434782608696 0.871896722939424 0.119565217391304 0.878351539225422 0.125 0.882323733862959 0.135869565217391 0.887288977159881 0.154891304347826 0.891261171797418 0.176630434782609 0.893743793445879 0.217391304347826 0.894240317775571 0.263586956521739 0.894240317775571 0.315217391304348 0.891261171797418 0.364130434782609 0.888282025819265 0.404891304347826 0.887288977159881 0.440217391304348 0.887785501489573 0.497282608695652 0.88480635551142 0.535326086956522 0.878848063555114 0.567934782608696 0.874875868917577 0.608695652173913 0.875372393247269 0.671195652173913 0.875372393247269 0.736413043478261 0.874379344587885 0.790760869565217
0 0.890268123138034 0.820652173913043 0.89175769612711 0.766304347826087 0.894240317775571 0.709239130434783 0.895729890764647 0.660326086956522 0.895729890764647 0.625 0.894240317775571 0.584239130434782 0.893743793445879 0.551630434782609 0.894240317775571 0.510869565217391 0.89622641509434 0.478260869565217 0.8987090367428 0.448369565217391 0.904667328699106 0.415760869565217 0.913604766633565 0.377717391304348 0.915094339622641 0.320652173913043 0.911618669314796 0.279891304347826 0.909632571996028 0.239130434782609 0.908639523336643 0.209239130434783 0.909632571996028 0.171195652173913 0.915094339622641 0.138586956521739 0.923038728897716 0.130434782608696 0.93098311817279 0.127717391304348 0.937437934458789 0.138586956521739 0.940913604766634 0.157608695652174 0.945878848063555 0.195652173913043 0.946871896722939 0.233695652173913 0.946871896722939 0.279891304347826 0.946375372393247 0.339673913043478 0.940913604766634 0.383152173913043 0.940913604766634 0.426630434782609 0.943396226415094 0.47554347826087 0.941410129096326 0.532608695652174 0.937437934458789 0.578804347826087 0.933465739821251 0.638586956521739 0.93098311817279 0.679347826086957 0.929990069513406 0.720108695652174 0.929990069513406 0.77445652173913 0.927507447864945 0.823369565217391