0 0.877358490566038 0.382775119617225 0.879344587884806 0.330143540669856 0.880337636544191 0.229665071770335 0.880834160873883 0.143540669856459 0.882820258192651 0.0813397129186603 0.886295928500496 0.0382775119617225 0.89175769612711 0.0191387559808612 0.898212512413108 0.0143540669856459 0.90317775571003 0.0382775119617225 0.906653426017875 0.0956937799043062 0.909136047666336 0.167464114832536 0.908639523336643 0.258373205741627 0.90566037735849 0.334928229665072 0.904667328699106 0.430622009569378 0.903674280039722 0.550239234449761 0.903674280039722 0.660287081339713 0.902681231380338 0.755980861244019 0.901688182720953 0.866028708133971 0.90317775571003 0.990430622009569 0.87785501489573 0.995215311004785 0.876861966236345 0.913875598086124 0.875868917576961 0.827751196172249 0.875868917576961 0.755980861244019 0.874875868917577 0.669856459330143 0.875372393247269 0.588516746411483 0.876365441906653 0.521531100478469 0.877358490566038 0.45933014354067
0 0.819265143992056 0.990430622009569 0.816782522343595 0.909090909090909 0.814796425024826 0.842105263157895 0.81330685203575 0.727272727272727 0.812810327706058 0.626794258373206 0.812810327706058 0.521531100478469 0.813803376365442 0.435406698564593 0.813803376365442 0.358851674641148 0.814796425024826 0.301435406698565 0.81578947368421 0.229665071770335 0.816782522343595 0.162679425837321 0.818272095332671 0.0909090909090909 0.822244289970208 0.0526315789473684 0.828202581926514 0.0382775119617225 0.832671300893744 0.0287081339712919 0.837636544190665 0.0382775119617225 0.842105263157895 0.076555023923445 0.844587884806355 0.138755980861244 0.843594836146971 0.229665071770335 0.842601787487587 0.287081339712919 0.841608738828203 0.344497607655502 0.84111221449851 0.416267942583732 0.84111221449851 0.478468899521531 0.84111221449851 0.555023923444976 0.840615690168818 0.626794258373206 0.840615690168818 0.703349282296651 0.840615690168818 0.799043062200957 0.842105263157895 0.880382775119617 0.843594836146971 0.995215311004785
0 0.754220456802383 0.990430622009569 0.752730883813307 0.909090909090909 0.751737835153923 0.822966507177033 0.750744786494538 0.741626794258373 0.750744786494538 0.669856459330143 0.750248262164846 0.588516746411483 0.750248262164846 0.507177033492823 0.75124131082423 0.401913875598086 0.751737835153923 0.320574162679426 0.753723932472691 0.239234449760766 0.753723932472691 0.157894736842105 0.75571002979146 0.0861244019138756 0.759185700099305 0.0382775119617225 0.763157894736842 0.0239234449760766 0.768123138033764 0.0143540669856459 0.771598808341609 0.0191387559808612 0.776067527308838 0.0430622009569378 0.778550148957299 0.0813397129186603 0.780536246276067 0.157894736842105 0.78103277060576 0.239234449760766 0.780039721946375 0.330143540669856 0.779046673286991 0.406698564593301 0.778053624627607 0.464114832535885 0.777060575968222 0.535885167464115 0.777060575968222 0.607655502392344 0.777060575968222 0.665071770334928 0.777060575968222 0.732057416267943 0.777557100297914 0.803827751196172 0.778053624627607 0.885167464114832 0.777060575968222 0.985645933014354
0 0.700099304865938 0.990430622009569 0.697616683217478 0.909090909090909 0.694637537239325 0.827751196172249 0.690665342601787 0.751196172248804 0.689175769612711 0.665071770334928 0.688182720953327 0.578947368421053 0.688182720953327 0.497607655502392 0.688182720953327 0.430622009569378 0.688182720953327 0.344497607655502 0.688182720953327 0.272727272727273 0.688679245283019 0.200956937799043 0.689672293942403 0.119617224880383 0.69116186693148 0.0574162679425837 0.69364448857994 0.0287081339712919 0.698609731876862 0.00956937799043062 0.703574975173783 0.00956937799043062 0.708043694141013 0.0191387559808612 0.71201588877855 0.0430622009569378 0.714498510427011 0.100478468899522 0.714498510427011 0.167464114832536 0.714498510427011 0.22488038277512 0.714995034756703 0.296650717703349 0.714995034756703 0.382775119617225 0.715491559086395 0.473684210526316 0.714995034756703 0.564593301435407 0.714995034756703 0.655502392344498 0.715491559086395 0.717703349282297 0.717974180734856 0.808612440191387 0.71896722939424 0.870813397129187 0.720456802383317 0.92822966507177 0.722939424031777 0.990430622009569
0 0.639026812313803 0.990430622009569 0.63604766633565 0.91866028708134 0.63356504468719 0.84688995215311 0.631082423038729 0.770334928229665 0.628599801390268 0.674641148325359 0.627606752730884 0.578947368421053 0.627606752730884 0.473684210526316 0.627606752730884 0.37799043062201 0.627606752730884 0.320574162679426 0.627110228401192 0.248803827751196 0.626117179741807 0.172248803827751 0.627606752730884 0.076555023923445 0.632571996027805 0.0430622009569378 0.638033763654419 0.0287081339712919 0.642005958291956 0.0334928229665072 0.646971201588878 0.0478468899521531 0.648957298907646 0.0956937799043062 0.650446871896723 0.162679425837321 0.652432969215491 0.253588516746411 0.652929493545184 0.330143540669856 0.653426017874876 0.401913875598086 0.653426017874876 0.45933014354067 0.65441906653426 0.559808612440191 0.65441906653426 0.626794258373206 0.655412115193644 0.712918660287081 0.657398212512413 0.799043062200957 0.65888778550149 0.866028708133971 0.660377358490566 0.913875598086124 0.662363455809335 0.990430622009569
0 0.585402184707051 0.995215311004785 0.58291956305859 0.933014354066986 0.577954319761668 0.861244019138756 0.574478649453823 0.784688995215311 0.570506454816286 0.712918660287081 0.567030784508441 0.626794258373206 0.568023833167825 0.521531100478469 0.568023833167825 0.454545454545455 0.567030784508441 0.354066985645933 0.567030784508441 0.291866028708134 0.566534260178749 0.215311004784689 0.566534260178749 0.148325358851675 0.568520357497517 0.0956937799043062 0.572492552135055 0.0574162679425837 0.577954319761668 0.0382775119617225 0.582423038728898 0.0382775119617225 0.586395233366435 0.0478468899521531 0.58987090367428 0.0956937799043062 0.591857000993049 0.177033492822966 0.592850049652433 0.267942583732057 0.593346573982125 0.330143540669856 0.593346573982125 0.382775119617225 0.594339622641509 0.454545454545455 0.595829195630586 0.54066985645933 0.595829195630586 0.607655502392344 0.598311817279047 0.703349282296651 0.599304865938431 0.77511961722488 0.6012909632572 0.84688995215311 0.603277060575968 0.909090909090909 0.60824230387289 1
0 0.528798411122145 0.990430622009569 0.524329692154916 0.92822966507177 0.519364448857994 0.861244019138756 0.515392254220457 0.779904306220096 0.511916583912612 0.69377990430622 0.509930486593843 0.598086124401914 0.507447864945382 0.507177033492823 0.50695134061569 0.421052631578947 0.505958291956306 0.344497607655502 0.504468718967229 0.282296650717703 0.503972194637537 0.196172248803828 0.503475670307845 0.138755980861244 0.504965243296922 0.0909090909090909 0.511420059582919 0.0526315789473684 0.517378351539225 0.0478468899521531 0.522343594836147 0.0669856459330143 0.526315789473684 0.129186602870813 0.529791459781529 0.229665071770335 0.531281032770606 0.301435406698565 0.53227408142999 0.392344497607656 0.534260178748759 0.473684210526316 0.535253227408143 0.5311004784689 0.536742800397219 0.598086124401914 0.538728897715988 0.660287081339713 0.540714995034757 0.732057416267943 0.54369414101291 0.813397129186603 0.546673286991063 0.866028708133971 0.549155908639523 0.913875598086124 0.553128103277061 0.990430622009569
0 0.472194637537239 0.985645933014354 0.468222442899702 0.913875598086124 0.462760675273088 0.842105263157895 0.457795431976167 0.779904306220096 0.453326713008937 0.688995215311005 0.450347567030784 0.598086124401914 0.4493545183714 0.502392344497608 0.447368421052632 0.411483253588517 0.445878848063555 0.339712918660287 0.44240317775571 0.277511961722488 0.439920556107249 0.229665071770335 0.438927507447865 0.172248803827751 0.438430983118173 0.114832535885167 0.442899702085402 0.0717703349282297 0.447864945382324 0.0574162679425837 0.453326713008937 0.0526315789473684 0.458788480635551 0.062200956937799 0.462760675273088 0.0909090909090909 0.467229394240318 0.167464114832536 0.469215491559086 0.22488038277512 0.470705064548163 0.272727272727273 0.472691161866931 0.339712918660287 0.475173783515392 0.406698564593301 0.475670307845084 0.483253588516746 0.476166832174777 0.550239234449761 0.478649453823237 0.636363636363636 0.482125124131082 0.703349282296651 0.484607745779543 0.76555023923445 0.487090367428004 0.808612440191387 0.490069513406157 0.861244019138756 0.494041708043694 0.933014354066986 0.498013902681231 0.985645933014354
0 0.397219463753724 1 0.392750744786494 0.923444976076555 0.388778550148957 0.861244019138756 0.383813306852036 0.760765550239234 0.381827209533267 0.679425837320574 0.381330685203575 0.583732057416268 0.379841112214499 0.497607655502392 0.379841112214499 0.425837320574163 0.379344587884806 0.368421052631579 0.376861966236346 0.315789473684211 0.374379344587885 0.272727272727273 0.372393247269116 0.205741626794258 0.372393247269116 0.162679425837321 0.374379344587885 0.110047846889952 0.378848063555114 0.0669856459330143 0.383813306852036 0.0478468899521531 0.388282025819265 0.0382775119617225 0.393743793445879 0.0526315789473684 0.399205561072493 0.105263157894737 0.402184707050645 0.181818181818182 0.403674280039722 0.277511961722488 0.404667328699106 0.363636363636364 0.405660377358491 0.449760765550239 0.407149950347567 0.526315789473684 0.408142999006951 0.602870813397129 0.409136047666336 0.684210526315789 0.411122144985104 0.760765550239234 0.413108242303873 0.813397129186603 0.415590863952334 0.870813397129187 0.417576961271102 0.92822966507177 0.421052631578947 0.995215311004785
0 0.358987090367428 0.980861244019139 0.351539225422046 0.92822966507177 0.347070506454816 0.866028708133971 0.34111221449851 0.789473684210526 0.336643495531281 0.717703349282297 0.332174776564052 0.617224880382775 0.328202581926514 0.526315789473684 0.324726911618669 0.430622009569378 0.322740814299901 0.358851674641148 0.319761668321748 0.301435406698565 0.318768619662363 0.239234449760766 0.318272095332671 0.181818181818182 0.319761668321748 0.129186602870813 0.325223435948361 0.100478468899522 0.330685203574975 0.0909090909090909 0.335650446871897 0.0909090909090909 0.340615690168818 0.114832535885167 0.344091360476663 0.172248803827751 0.346573982125124 0.229665071770335 0.348560079443893 0.291866028708134 0.350546176762661 0.349282296650718 0.353028798411122 0.421052631578947 0.354518371400199 0.497607655502392 0.356504468718967 0.569377990430622 0.35948361469712 0.645933014354067 0.363455809334657 0.722488038277512 0.367428003972195 0.784688995215311 0.371896722939424 0.832535885167464 0.375372393247269 0.880382775119617 0.379841112214499 0.92822966507177 0.383813306852036 0.985645933014354
0 0.285004965243297 0.985645933014354 0.28103277060576 0.92822966507177 0.275571002979146 0.856459330143541 0.271598808341609 0.779904306220096 0.265640516385303 0.674641148325359 0.264150943396226 0.535885167464115 0.26266137040715 0.449760765550239 0.261668321747766 0.38755980861244 0.258689175769613 0.325358851674641 0.255213505461768 0.272727272727273 0.258192651439921 0.196172248803828 0.263157894736842 0.15311004784689 0.270605759682224 0.138755980861244 0.275571002979146 0.148325358851675 0.28103277060576 0.172248803827751 0.28351539225422 0.23444976076555 0.286991062562066 0.315789473684211 0.28798411122145 0.406698564593301 0.289473684210526 0.473684210526316 0.291459781529295 0.535885167464115 0.292949354518371 0.598086124401914 0.29493545183714 0.660287081339713 0.295431976166832 0.722488038277512 0.298411122144985 0.76555023923445 0.30188679245283 0.822966507177033 0.304369414101291 0.870813397129187 0.305858987090367 0.937799043062201 0.307845084409136 0.980861244019139
0 0.219463753723932 0.990430622009569 0.213505461767627 0.909090909090909 0.209036742800397 0.832535885167464 0.205561072492552 0.722488038277512 0.203078450844091 0.61244019138756 0.201588877855015 0.526315789473684 0.200595829195631 0.440191387559809 0.196127110228401 0.37799043062201 0.192154915590864 0.301435406698565 0.192154915590864 0.215311004784689 0.196127110228401 0.15311004784689 0.201092353525323 0.133971291866029 0.207050645481629 0.124401913875598 0.213008937437934 0.138755980861244 0.219463753723932 0.177033492822966 0.221946375372393 0.277511961722488 0.224428997020854 0.368421052631579 0.226415094339623 0.444976076555024 0.227408142999007 0.5311004784689 0.23038728897716 0.62200956937799 0.232869910625621 0.708133971291866 0.234856007944389 0.799043062200957 0.238828202581926 0.875598086124402 0.244786494538232 0.990430622009569
0 0.171797418073486 0.985645933014354 0.168321747765641 0.913875598086124 0.16137040714995 0.837320574162679 0.156405163853029 0.755980861244019 0.152929493545184 0.665071770334928 0.150446871896723 0.578947368421053 0.148460774577954 0.511961722488038 0.144488579940417 0.435406698564593 0.141509433962264 0.354066985645933 0.14051638530288 0.272727272727273 0.141012909632572 0.215311004784689 0.144985104270109 0.172248803827751 0.149453823237339 0.162679425837321 0.153426017874876 0.167464114832536 0.160873882820258 0.181818181818182 0.16583912611718 0.277511961722488 0.170307845084409 0.354066985645933 0.172293942403178 0.435406698564593 0.174280039721946 0.507177033492823 0.177259185700099 0.588516746411483 0.180734856007944 0.703349282296651 0.183714001986097 0.76555023923445 0.18669314796425 0.827751196172249 0.190665342601787 0.880382775119617 0.194141012909633 0.923444976076555 0.200099304865938 0.990430622009569
0 0.118669314796425 0.985645933014354 0.114200595829196 0.937799043062201 0.106752730883813 0.856459330143541 0.1012909632572 0.76555023923445 0.0973187686196624 0.665071770334928 0.092850049652433 0.559808612440191 0.0913604766633565 0.4688995215311 0.086395233366435 0.406698564593301 0.083416087388282 0.344497607655502 0.0829195630585899 0.258373205741627 0.086395233366435 0.205741626794258 0.092850049652433 0.191387559808612 0.099304865938431 0.196172248803828 0.104766633565045 0.210526315789474 0.111221449851043 0.291866028708134 0.114697120158888 0.373205741626794 0.117676266137041 0.440191387559809 0.121151936444886 0.526315789473684 0.124627606752731 0.607655502392344 0.127606752730884 0.669856459330143 0.130089374379345 0.717703349282297 0.134061569016882 0.799043062200957 0.136544190665343 0.856459330143541 0.139523336643496 0.894736842105263 0.143495531281033 0.980861244019139
0 0.0719960278053624 0.980861244019139 0.0655412115193644 0.913875598086124 0.0605759682224429 0.842105263157895 0.054617676266137 0.760765550239234 0.048162859980139 0.674641148325359 0.0422045680238332 0.569377990430622 0.0387288977159881 0.502392344497608 0.0327706057596822 0.425837320574163 0.0283018867924528 0.358851674641148 0.0263157894736842 0.291866028708134 0.0263157894736842 0.229665071770335 0.0322740814299901 0.210526315789474 0.0402184707050645 0.200956937799043 0.0451837140019861 0.200956937799043 0.0506454816285998 0.215311004784689 0.0566037735849057 0.282296650717703 0.0590863952333664 0.330143540669856 0.0625620655412115 0.411483253588517 0.0665342601787488 0.492822966507177 0.0690168818272095 0.555023923444976 0.0724925521350546 0.631578947368421 0.0764647467725919 0.708133971291866 0.0809334657398212 0.77511961722488 0.086395233366435 0.856459330143541 0.0908639523336643 0.913875598086124 0.0958291956305859 0.933014354066986 0.099304865938431 0.980861244019139