0 0.170556552962298 0.084375 0.247755834829443 0.096875 0.333931777378815 0.1265625 0.44524236983842 0.1421875 0.432675044883303 0.225 0.281867145421903 0.2296875 0.170556552962298 0.215625
0 0.881508078994614 0.1140625 0.73967684021544 0.115625 0.718132854578097 0.1328125 0.608617594254937 0.1421875 0.543985637342909 0.1359375 0.527827648114901 0.1421875 0.540394973070018 0.234375 0.675044883303411 0.2375 0.764811490125673 0.2234375 0.892280071813285 0.234375
0 0.863554757630162 0.2546875 0.81508078994614 0.25 0.694793536804309 0.2609375 0.658886894075404 0.2671875 0.540394973070018 0.2671875 0.529622980251346 0.3546875 0.610412926391382 0.3640625 0.676840215439856 0.3671875 0.696588868940754 0.35625 0.847396768402155 0.35
0 0.85278276481149 0.3953125 0.759425493716338 0.3921875 0.675044883303411 0.3796875 0.515260323159785 0.3953125 0.504488330341113 0.4796875 0.637342908438061 0.4921875 0.687612208258528 0.4859375 0.750448833034111 0.49375 0.854578096947935 0.5125
0 0.847396768402155 0.53125 0.718132854578097 0.51875 0.631956912028725 0.5234375 0.508078994614004 0.5171875 0.497307001795332 0.5984375 0.508078994614004 0.615625 0.657091561938959 0.621875 0.718132854578097 0.615625 0.836624775583483 0.628125
0 0.825852782764811 0.6515625 0.737881508078995 0.65 0.660682226211849 0.65625 0.499102333931777 0.646875 0.491921005385996 0.7484375 0.648114901256732 0.75 0.707360861759425 0.734375 0.779174147217235 0.7453125 0.825852782764811 0.7515625
0 0.827648114901257 0.78125 0.741472172351885 0.7875 0.658886894075404 0.7796875 0.497307001795332 0.7765625 0.500897666068223 0.8671875 0.513464991023339 0.8796875 0.671454219030521 0.8734375 0.748653500897666 0.9015625 0.825852782764811 0.89375
0 0.114901256732496 0.6421875 0.226211849192101 0.6359375 0.278276481149013 0.6484375 0.389587073608618 0.6515625 0.416517055655296 0.646875 0.398563734290844 0.7515625 0.263913824057451 0.7515625 0.125673249551167 0.78125
0 0.141831238779174 0.5234375 0.213644524236984 0.5234375 0.278276481149013 0.528125 0.378815080789946 0.5171875 0.420107719928187 0.51875 0.414721723518851 0.621875 0.321364452423698 0.6171875 0.247755834829443 0.61875 0.145421903052065 0.628125
0 0.161579892280072 0.3828125 0.242369838420108 0.3875 0.307001795332136 0.3984375 0.423698384201077 0.396875 0.421903052064632 0.484375 0.301615798922801 0.4765625 0.238779174147217 0.4828125 0.168761220825853 0.4859375
0 0.154398563734291 0.24375 0.305206463195691 0.2515625 0.351885098743268 0.2640625 0.40754039497307 0.26875 0.436265709156194 0.2703125 0.436265709156194 0.3609375 0.37342908438061 0.36875 0.292639138240575 0.365625 0.163375224416517 0.3703125
0 0.116696588868941 0.8234375 0.179533213644524 0.8078125 0.258527827648115 0.8 0.323159784560144 0.78125 0.418312387791741 0.778125 0.421903052064632 0.840625 0.301615798922801 0.8671875 0.272890484739677 0.9015625 0.107719928186715 0.91875