0 0.841961852861035 0.309794988610478 0.892370572207084 0.305239179954442 0.892370572207084 0.375854214123007 0.895095367847412 0.439635535307517 0.881471389645777 0.464692482915718 0.861035422343324 0.471526195899772 0.843324250681199 0.469248291571754 0.829700272479564 0.441913439635535 0.829700272479564 0.403189066059226 0.843324250681199 0.369020501138952
0 0.760178748758689 0.272199170124481 0.756703078450844 0.313692946058091 0.752043596730245 0.334851936218679 0.760217983651226 0.369020501138952 0.76566757493188 0.394077448747153 0.767029972752044 0.430523917995444 0.754768392370572 0.44874715261959 0.735694822888283 0.455580865603645 0.715258855585831 0.441913439635535 0.70299727520436 0.414578587699317 0.704359673024523 0.369020501138952 0.709533267130089 0.344398340248963 0.704071499503476 0.295435684647303 0.701092353525323 0.277178423236514 0.700099304865938 0.248132780082988 0.760675273088381 0.248132780082988
0 0.624131082423039 0.244813278008299 0.62909632571996 0.266390041493776 0.62909632571996 0.30207468879668 0.623978201634877 0.316628701594533 0.637602179836512 0.355353075170843 0.637602179836512 0.382687927107062 0.628065395095368 0.407744874715262 0.604904632152589 0.416856492027335 0.584468664850136 0.414578587699317 0.568119891008174 0.391799544419134 0.564032697547684 0.34624145785877 0.580381471389646 0.309794988610478 0.576294277929155 0.264236902050114 0.5759682224429 0.240663900414938 0.583416087388282 0.20746887966805 0.634558093346574 0.220746887966805
0 0.494538232373386 0.200829875518672 0.497020854021847 0.238174273858921 0.496027805362463 0.264730290456432 0.490463215258856 0.275626423690205 0.505449591280654 0.321184510250569 0.506811989100817 0.359908883826879 0.502724795640327 0.391799544419134 0.480926430517711 0.407744874715262 0.456403269754768 0.405466970387244 0.444141689373297 0.378132118451025 0.435967302452316 0.337129840546697 0.438692098092643 0.300683371298405 0.448857994041708 0.269709543568465 0.443892750744787 0.26804979253112 0.444885799404171 0.204149377593361
0 0.36395233366435 0.182572614107884 0.360973187686197 0.246473029045643 0.353525322740814 0.250622406639004 0.362397820163488 0.280182232346241 0.371934604904632 0.337129840546697 0.362397820163488 0.369020501138952 0.335149863760218 0.382687927107062 0.316076294277929 0.37129840546697 0.303814713896458 0.34624145785877 0.299727520435967 0.293849658314351 0.310327706057597 0.263900414937759 0.309831181727905 0.178423236514523
0 0.221449851042701 0.152697095435685 0.226415094339623 0.204149377593361 0.216621253405995 0.230068337129841 0.228882833787466 0.250569476082005 0.231607629427793 0.284738041002278 0.232970027247956 0.318906605922551 0.223433242506812 0.348519362186788 0.20708446866485 0.355353075170843 0.192098092643052 0.353075170842825 0.178474114441417 0.334851936218679 0.168937329700272 0.309794988610478 0.166212534059946 0.266514806378132 0.178474114441417 0.214123006833713 0.165342601787488 0.212448132780083 0.163356504468719 0.156016597510373
0 0.828337874659401 0.724373576309795 0.82016348773842 0.678815489749431 0.82425068119891 0.635535307517084 0.859673024523161 0.61503416856492 0.884196185286103 0.65375854214123 0.884196185286103 0.687927107061503 0.873297002724796 0.724373576309795 0.874659400544959 0.769931662870159 0.866485013623978 0.817767653758542 0.858310626702997 0.879271070615034 0.837874659400545 0.85876993166287 0.82016348773842 0.870159453302961 0.82425068119891 0.813211845102506 0.828337874659401 0.75626423690205
0 0.693460490463215 0.722095671981777 0.692098092643052 0.678815489749431 0.686648501362398 0.642369020501139 0.698910081743869 0.605922551252847 0.728882833787466 0.596810933940774 0.746594005449591 0.617312072892938 0.757493188010899 0.660592255125285 0.754768392370572 0.694760820045558 0.743869209809264 0.71753986332574 0.750681198910082 0.760820045558086 0.750681198910082 0.808656036446469 0.746594005449591 0.845102505694761 0.728882833787466 0.824601366742597 0.711171662125341 0.838268792710706 0.70299727520436 0.817767653758542 0.70299727520436 0.760820045558086
0 0.611716621253406 0.594533029612756 0.622615803814714 0.62870159453303 0.622615803814714 0.658314350797266 0.615803814713896 0.690205011389522 0.614441416893733 0.73120728929385 0.61307901907357 0.788154897494305 0.598092643051771 0.865603644646925 0.583106267029973 0.83371298405467 0.570844686648501 0.822323462414579 0.570844686648501 0.790432801822323 0.572207084468665 0.749430523917995 0.574931880108992 0.699316628701595 0.561307901907357 0.665148063781321 0.557220708446867 0.61503416856492 0.572207084468665 0.592255125284738
0 0.456403269754768 0.567198177676538 0.480926430517711 0.578587699316629 0.487738419618529 0.603644646924829 0.490463215258856 0.642369020501139 0.480926430517711 0.662870159453303 0.483651226158038 0.706150341685649 0.479564032697548 0.744874715261959 0.47275204359673 0.790432801822323 0.453678474114441 0.831435079726651 0.435967302452316 0.804100227790433 0.418256130790191 0.797266514806378 0.431880108991826 0.744874715261959 0.43732970027248 0.697038724373576 0.43732970027248 0.669703872437358 0.427792915531335 0.62870159453303 0.429155313351499 0.585421412300683
0 0.344686648501362 0.548974943052392 0.352861035422343 0.58997722095672 0.346049046321526 0.62870159453303 0.341961852861035 0.65375854214123 0.344686648501362 0.690205011389522 0.343324250681199 0.722095671981777 0.333787465940055 0.767653758542141 0.326975476839237 0.815489749430524 0.295640326975477 0.801822323462415 0.299727520435967 0.765375854214123 0.294277929155313 0.71753986332574 0.305177111716621 0.651480637813212 0.294277929155313 0.624145785876993 0.286103542234332 0.57630979498861 0.306539509536785 0.546697038724374
0 0.217983651226158 0.537585421412301 0.219346049046322 0.571753986332574 0.209809264305177 0.61503416856492 0.208446866485014 0.656036446469248 0.208446866485014 0.708428246013667 0.192098092643052 0.749430523917995 0.182561307901907 0.785876993166287 0.153950953678474 0.760820045558086 0.156675749318801 0.703872437357631 0.164850136239782 0.651480637813212 0.164850136239782 0.61503416856492 0.160762942779292 0.571753986332574 0.168937329700272 0.528473804100228 0.20299727520436 0.5125284738041