0 0.289424860853432 0.0699152542372881 0.276437847866419 0.0656779661016949 0.252319109461967 0.0614406779661017 0.230055658627087 0.0561440677966102 0.204081632653061 0.0540254237288136 0.170686456400742 0.051906779661017 0.133580705009276 0.051906779661017 0.10760667903525 0.051906779661017 0.0871985157699443 0.0550847457627119 0.100185528756957 0.0625 0.103896103896104 0.076271186440678 0.100185528756957 0.0911016949152542 0.0964749536178108 0.100635593220339 0.0705009276437848 0.109110169491525 0.0927643784786642 0.114406779661017 0.109461966604824 0.116525423728814 0.131725417439703 0.11864406779661 0.157699443413729 0.120762711864407 0.189239332096475 0.122881355932203 0.211502782931354 0.122881355932203 0.244897959183673 0.123940677966102 0.267161410018553 0.120762711864407 0.282003710575139 0.120762711864407 0.280148423005566 0.134533898305085 0.441558441558442 0.134533898305085 0.441558441558442 0.0709745762711864
0 0.285714285714286 0.170550847457627 0.261595547309833 0.161016949152542 0.233766233766234 0.154661016949153 0.194805194805195 0.147245762711864 0.146567717996289 0.144067796610169 0.11317254174397 0.141949152542373 0.0890538033395176 0.141949152542373 0.0482374768089054 0.145127118644068 0.0556586270871985 0.149364406779661 0.0779220779220779 0.158898305084746 0.0890538033395176 0.167372881355932 0.0927643784786642 0.182203389830508 0.0890538033395176 0.195974576271186 0.0686456400742115 0.201271186440678 0.0426716141001855 0.208686440677966 0.0667903525046382 0.209745762711864 0.0890538033395176 0.208686440677966 0.111317254174397 0.208686440677966 0.14100185528757 0.211864406779661 0.174397031539889 0.213983050847458 0.204081632653061 0.216101694915254 0.23191094619666 0.220338983050847 0.257884972170686 0.222457627118644 0.280148423005566 0.219279661016949 0.285714285714286 0.228813559322034 0.300556586270872 0.236228813559322 0.441558441558442 0.236228813559322 0.435992578849722 0.163135593220339 0.306122448979592 0.163135593220339
0 0.280148423005566 0.268008474576271 0.2430426716141 0.263771186440678 0.211502782931354 0.26271186440678 0.178107606679035 0.26271186440678 0.146567717996289 0.261652542372881 0.12430426716141 0.26271186440678 0.102040816326531 0.26271186440678 0.0705009276437848 0.261652542372881 0.0630797773654917 0.261652542372881 0.0742115027829314 0.274364406779661 0.0742115027829314 0.289194915254237 0.0742115027829314 0.304025423728814 0.0667903525046382 0.313559322033898 0.0463821892393321 0.31885593220339 0.0686456400742115 0.32521186440678 0.098330241187384 0.328389830508475 0.12430426716141 0.329449152542373 0.152133580705009 0.33156779661017 0.179962894248609 0.332627118644068 0.205936920222635 0.332627118644068 0.235621521335807 0.330508474576271 0.252319109461967 0.327330508474576 0.270871985157699 0.327330508474576 0.291280148423006 0.326271186440678 0.302411873840445 0.328389830508475 0.307977736549165 0.337923728813559 0.448979591836735 0.337923728813559 0.447124304267161 0.26271186440678 0.300556586270872 0.26271186440678 0.300556586270872 0.26906779661017
0 0.269016697588126 0.38771186440678 0.244897959183673 0.38135593220339 0.211502782931354 0.379237288135593 0.181818181818182 0.378177966101695 0.150278293135436 0.375 0.120593692022263 0.375 0.100185528756957 0.375 0.0667903525046382 0.372881355932203 0.0408163265306122 0.372881355932203 0.0166975881261596 0.372881355932203 0.00185528756957328 0.372881355932203 0.00185528756957328 0.434322033898305 0.0278293135435993 0.434322033898305 0.0575139146567718 0.436440677966102 0.0816326530612245 0.438559322033898 0.109461966604824 0.442796610169492 0.133580705009276 0.44385593220339 0.155844155844156 0.44385593220339 0.178107606679035 0.44385593220339 0.202226345083488 0.445974576271187 0.228200371057514 0.449152542372881 0.256029684601113 0.447033898305085 0.270871985157699 0.447033898305085 0.274582560296846 0.465042372881356 0.424860853432282 0.465042372881356 0.423005565862709 0.38771186440678
0 0.274582560296846 0.586864406779661 0.250463821892393 0.584745762711864 0.222634508348794 0.584745762711864 0.192949907235622 0.584745762711864 0.165120593692022 0.582627118644068 0.139146567717996 0.580508474576271 0.12430426716141 0.580508474576271 0.115027829313544 0.588983050847458 0.0964749536178108 0.582627118644068 0.0519480519480519 0.577330508474576 0.0333951762523191 0.569915254237288 0.012987012987013 0.56885593220339 0 0.56885593220339 0.00371057513914657 0.619703389830509 0.025974025974026 0.622881355932203 0.0593692022263451 0.625 0.0946196660482375 0.630296610169492 0.109461966604824 0.633474576271186 0.139146567717996 0.63771186440678 0.166975881261596 0.635593220338983 0.189239332096475 0.635593220338983 0.224489795918367 0.638771186440678 0.23747680890538 0.645127118644068 0.261595547309833 0.639830508474576 0.274582560296846 0.643008474576271 0.272727272727273 0.655720338983051 0.280148423005566 0.669491525423729 0.434137291280148 0.669491525423729 0.432282003710575 0.583686440677966 0.296846011131725 0.583686440677966 0.285714285714286 0.590042372881356
0 0.278293135435993 0.702330508474576 0.241187384044527 0.697033898305085 0.200371057513915 0.697033898305085 0.163265306122449 0.695974576271187 0.13543599257885 0.691737288135593 0.105751391465677 0.688559322033898 0.0816326530612245 0.684322033898305 0.0575139146567718 0.682203389830509 0.0371057513914657 0.68114406779661 0.0166975881261596 0.677966101694915 0 0.677966101694915 0 0.742584745762712 0.0204081632653061 0.744703389830509 0.0445269016697588 0.747881355932203 0.0686456400742115 0.75 0.0927643784786642 0.754237288135593 0.116883116883117 0.757415254237288 0.13543599257885 0.761652542372881 0.168831168831169 0.765889830508475 0.189239332096475 0.766949152542373 0.209647495361781 0.76906779661017 0.23191094619666 0.772245762711864 0.250463821892393 0.772245762711864 0.272727272727273 0.771186440677966 0.289424860853432 0.763771186440678 0.289424860853432 0.787076271186441 0.447124304267161 0.787076271186441 0.448979591836735 0.703389830508475 0.313543599257885 0.702330508474576 0.291280148423006 0.710805084745763
0 0.25974025974026 0.822033898305085 0.230055658627087 0.822033898305085 0.194805194805195 0.824152542372881 0.165120593692022 0.824152542372881 0.139146567717996 0.824152542372881 0.102040816326531 0.824152542372881 0.0686456400742115 0.823093220338983 0.0482374768089054 0.823093220338983 0.0278293135435993 0.829449152542373 0.0148423005565863 0.833686440677966 0.0185528756957328 0.848516949152543 0.0241187384044527 0.863347457627119 0.0241187384044527 0.878177966101695 0.0445269016697588 0.880296610169492 0.0612244897959184 0.883474576271186 0.0909090909090909 0.883474576271186 0.11873840445269 0.885593220338983 0.148423005565863 0.885593220338983 0.166975881261596 0.885593220338983 0.198515769944341 0.885593220338983 0.217068645640074 0.885593220338983 0.241187384044527 0.883474576271186 0.25974025974026 0.88135593220339 0.276437847866419 0.875 0.289424860853432 0.877118644067797 0.289424860853432 0.897245762711865 0.456400742115028 0.897245762711865 0.456400742115028 0.80614406779661 0.294990723562152 0.80614406779661 0.293135435992579 0.822033898305085 0.276437847866419 0.829449152542373
0 0.291280148423006 0.914194915254237 0.267161410018553 0.915254237288136 0.233766233766234 0.915254237288136 0.198515769944341 0.913135593220339 0.161410018552876 0.912076271186441 0.133580705009276 0.912076271186441 0.098330241187384 0.912076271186441 0.0853432282003711 0.912076271186441 0.0649350649350649 0.912076271186441 0.038961038961039 0.912076271186441 0.038961038961039 0.923728813559322 0.0445269016697588 0.935381355932203 0.038961038961039 0.95021186440678 0.0296846011131725 0.95656779661017 0.0111317254174397 0.968220338983051 0.0278293135435993 0.972457627118644 0.0500927643784787 0.973516949152542 0.0834879406307978 0.975635593220339 0.103896103896104 0.976694915254237 0.13543599257885 0.977754237288136 0.159554730983302 0.978813559322034 0.183673469387755 0.979872881355932 0.204081632653061 0.979872881355932 0.228200371057514 0.979872881355932 0.24860853432282 0.980932203389831 0.282003710575139 0.984110169491525 0.298701298701299 0.980932203389831 0.298701298701299 0.994703389830509 0.456400742115028 0.994703389830509 0.458256029684601 0.909957627118644 0.320964749536178 0.908898305084746 0.315398886827458 0.918432203389831 0.302411873840445 0.920550847457627
0 0.692022263450835 0.143008474576271 0.716141001855288 0.143008474576271 0.732838589981447 0.143008474576271 0.749536178107607 0.143008474576271 0.76808905380334 0.145127118644068 0.792207792207792 0.148305084745763 0.818181818181818 0.149364406779661 0.836734693877551 0.147245762711864 0.868274582560297 0.145127118644068 0.896103896103896 0.145127118644068 0.925788497217069 0.149364406779661 0.949907235621521 0.151483050847458 0.975881261595547 0.151483050847458 0.99443413729128 0.152542372881356 0.99443413729128 0.101694915254237 0.970315398886828 0.0963983050847458 0.942486085343228 0.0921610169491525 0.910946196660482 0.0911016949152542 0.877551020408163 0.0879237288135593 0.838589981447124 0.0879237288135593 0.807050092764378 0.0847457627118644 0.771799628942486 0.0858050847457627 0.738404452690167 0.0900423728813559 0.716141001855288 0.0900423728813559 0.682745825602968 0.0932203389830508 0.682745825602968 0.0752118644067797 0.567717996289425 0.0752118644067797 0.567717996289425 0.139830508474576 0.677179962894249 0.140889830508475
0 0.708719851576994 0.242584745762712 0.732838589981447 0.242584745762712 0.755102040816326 0.242584745762712 0.773654916512059 0.246822033898305 0.779220779220779 0.258474576271186 0.808905380333952 0.25635593220339 0.838589981447124 0.255296610169492 0.868274582560297 0.255296610169492 0.89239332096475 0.257415254237288 0.918367346938776 0.260593220338983 0.935064935064935 0.260593220338983 0.957328385899815 0.259533898305085 0.970315398886828 0.24364406779661 0.966604823747681 0.228813559322034 0.964749536178108 0.217161016949153 0.935064935064935 0.209745762711864 0.89795918367347 0.202330508474576 0.871985157699443 0.197033898305085 0.844155844155844 0.192796610169492 0.797773654916512 0.190677966101695 0.755102040816326 0.190677966101695 0.729128014842301 0.190677966101695 0.701298701298701 0.190677966101695 0.680890538033395 0.201271186440678 0.677179962894249 0.189618644067797 0.673469387755102 0.17478813559322 0.578849721706865 0.17478813559322 0.578849721706865 0.246822033898305 0.679035250463822 0.245762711864407
0 0.747680890538033 0.344279661016949 0.773654916512059 0.342161016949153 0.790352504638219 0.344279661016949 0.794063079777365 0.356991525423729 0.814471243042672 0.359110169491525 0.844155844155844 0.356991525423729 0.866419294990723 0.354872881355932 0.88682745825603 0.355932203389831 0.909090909090909 0.359110169491525 0.925788497217069 0.365466101694915 0.949907235621521 0.363347457627119 0.974025974025974 0.364406779661017 0.990723562152134 0.372881355932203 0.990723562152134 0.328389830508475 0.966604823747681 0.323093220338983 0.948051948051948 0.311440677966102 0.927643784786642 0.30614406779661 0.910946196660482 0.300847457627119 0.884972170686456 0.294491525423729 0.857142857142857 0.291313559322034 0.823747680890538 0.286016949152542 0.801484230055659 0.281779661016949 0.775510204081633 0.282838983050847 0.75139146567718 0.283898305084746 0.74025974025974 0.283898305084746 0.736549165120594 0.296610169491525 0.717996289424861 0.296610169491525 0.695732838589981 0.296610169491525 0.682745825602968 0.293432203389831 0.677179962894249 0.281779661016949 0.664192949907236 0.272245762711864 0.576994434137291 0.271186440677966 0.576994434137291 0.344279661016949 0.679035250463822 0.343220338983051 0.705009276437848 0.343220338983051
0 0.667903525046382 0.412076271186441 0.690166975881262 0.408898305084746 0.716141001855288 0.409957627118644 0.736549165120594 0.411016949152542 0.769944341372913 0.412076271186441 0.801484230055659 0.412076271186441 0.818181818181818 0.419491525423729 0.840445269016698 0.418432203389831 0.868274582560297 0.418432203389831 0.88682745825603 0.416313559322034 0.907235621521336 0.414194915254237 0.933209647495362 0.414194915254237 0.959183673469388 0.413135593220339 0.99443413729128 0.412076271186441 0.992578849721707 0.451271186440678 0.968460111317254 0.452330508474576 0.935064935064935 0.45021186440678 0.901669758812616 0.449152542372881 0.884972170686456 0.449152542372881 0.860853432282004 0.447033898305085 0.836734693877551 0.445974576271187 0.818181818181818 0.447033898305085 0.808905380333952 0.45021186440678 0.803339517625232 0.457627118644068 0.786641929499072 0.459745762711864 0.760667903525046 0.459745762711864 0.736549165120594 0.458686440677966 0.703153988868275 0.457627118644068 0.666048237476809 0.453389830508475 0.651205936920223 0.460805084745763 0.63265306122449 0.461864406779661 0.551020408163265 0.461864406779661 0.549165120593692 0.389830508474576 0.569573283858998 0.384533898305085 0.651205936920223 0.384533898305085 0.656771799628943 0.396186440677966
0 0.693877551020408 0.655720338983051 0.717996289424861 0.661016949152542 0.736549165120594 0.661016949152542 0.76252319109462 0.661016949152542 0.795918367346939 0.661016949152542 0.821892393320965 0.658898305084746 0.844155844155844 0.656779661016949 0.877551020408163 0.654661016949153 0.909090909090909 0.654661016949153 0.936920222634508 0.654661016949153 0.964749536178108 0.654661016949153 0.996289424860853 0.654661016949153 0.99443413729128 0.604872881355932 0.959183673469388 0.605932203389831 0.923933209647495 0.605932203389831 0.890538033395176 0.605932203389831 0.862708719851577 0.603813559322034 0.838589981447124 0.603813559322034 0.820037105751391 0.604872881355932 0.792207792207792 0.606991525423729 0.758812615955473 0.606991525423729 0.730983302411874 0.606991525423729 0.699443413729128 0.606991525423729 0.692022263450835 0.604872881355932 0.680890538033395 0.595338983050848 0.664192949907236 0.584745762711864 0.560296846011132 0.584745762711864 0.562152133580705 0.672669491525424 0.671614100185529 0.673728813559322 0.679035250463822 0.663135593220339
0 0.692022263450835 0.718220338983051 0.716141001855288 0.720338983050848 0.729128014842301 0.718220338983051 0.74582560296846 0.711864406779661 0.76808905380334 0.709745762711864 0.795918367346939 0.711864406779661 0.821892393320965 0.716101694915254 0.849721706864564 0.720338983050848 0.871985157699443 0.722457627118644 0.896103896103896 0.729872881355932 0.922077922077922 0.733050847457627 0.949907235621521 0.73728813559322 0.970315398886828 0.738347457627119 0.996289424860853 0.738347457627119 0.996289424860853 0.79343220338983 0.964749536178108 0.791313559322034 0.931354359925789 0.788135593220339 0.899814471243043 0.787076271186441 0.877551020408163 0.787076271186441 0.849721706864564 0.786016949152542 0.823747680890538 0.789194915254237 0.799628942486085 0.784957627118644 0.766233766233766 0.784957627118644 0.730983302411874 0.781779661016949 0.717996289424861 0.773305084745763 0.699443413729128 0.775423728813559 0.692022263450835 0.783898305084746 0.686456400742115 0.790254237288136 0.543599257884972 0.791313559322034 0.543599257884972 0.698093220338983 0.686456400742115 0.697033898305085 0.690166975881262 0.705508474576271
0 0.703153988868275 0.816737288135593 0.727272727272727 0.816737288135593 0.743970315398887 0.811440677966102 0.769944341372913 0.811440677966102 0.797773654916512 0.809322033898305 0.827458256029685 0.809322033898305 0.855287569573284 0.810381355932204 0.890538033395176 0.813559322033898 0.920222634508349 0.816737288135593 0.940630797773655 0.81885593220339 0.966604823747681 0.819915254237288 0.992578849721707 0.819915254237288 0.992578849721707 0.871822033898305 0.964749536178108 0.872881355932203 0.933209647495362 0.870762711864407 0.909090909090909 0.870762711864407 0.884972170686456 0.876059322033898 0.85899814471243 0.879237288135593 0.838589981447124 0.879237288135593 0.812615955473098 0.880296610169492 0.782931354359926 0.880296610169492 0.760667903525046 0.880296610169492 0.742115027829314 0.880296610169492 0.73469387755102 0.875 0.712430426716141 0.875 0.699443413729128 0.876059322033898 0.693877551020408 0.888771186440678 0.551020408163265 0.890889830508475 0.549165120593692 0.800847457627119 0.690166975881262 0.801906779661017 0.693877551020408 0.815677966101695
0 0.706864564007421 0.914194915254237 0.73469387755102 0.912076271186441 0.7569573283859 0.904661016949153 0.784786641929499 0.899364406779661 0.814471243042672 0.895127118644068 0.846011131725418 0.889830508474576 0.883116883116883 0.889830508474576 0.907235621521336 0.88771186440678 0.929499072356215 0.885593220338983 0.953617810760668 0.883474576271186 0.992578849721707 0.88135593220339 0.990723562152134 0.940677966101695 0.964749536178108 0.941737288135593 0.940630797773655 0.942796610169492 0.916512059369202 0.944915254237288 0.89239332096475 0.952330508474576 0.857142857142857 0.962923728813559 0.836734693877551 0.967161016949153 0.808905380333952 0.968220338983051 0.775510204081633 0.970338983050848 0.75139146567718 0.967161016949153 0.721706864564007 0.967161016949153 0.712430426716141 0.972457627118644 0.705009276437848 0.99364406779661 0.554730983302412 0.992584745762712 0.554730983302412 0.905720338983051 0.697588126159555 0.906779661016949