0 0.0872170439414114 0.179289026275116 0.0858854860186418 0.146831530139104 0.0845539280958722 0.120556414219474 0.0818908122503329 0.0865533230293663 0.0805592543275633 0.0540958268933539 0.0805592543275633 0.0231839258114374 0.0818908122503329 0.00309119010819165 0.0412782956058589 0.00154559505409583 0.040612516644474 0.0216383307573416 0.0372836218375499 0.044822256568779 0.0372836218375499 0.0680061823802164 0.0372836218375499 0.0927357032457496 0.0386151797603196 0.112828438948995 0.0399467376830892 0.137557959814529 0.044607190412783 0.156105100463679 0.0466045272969374 0.171561051004637 0.0466045272969374 0.182380216383308 0.0339547270306258 0.185471406491499 0.0346205059920107 0.357032457496136 0.101864181091878 0.353941267387944 0.101864181091878 0.182380216383308
0 0.177097203728362 0.17774343122102 0.175765645805593 0.146831530139104 0.175765645805593 0.1112828438949 0.175765645805593 0.0788253477588872 0.175099866844208 0.0479134466769706 0.173768308921438 0.0216383307573416 0.172436750998668 0.00309119010819165 0.136484687083888 0.00309119010819165 0.134487350199734 0.0200927357032457 0.134487350199734 0.0401854714064915 0.134487350199734 0.0649149922720247 0.133821571238349 0.0865533230293663 0.131824234354194 0.10355486862442 0.133821571238349 0.12210200927357 0.133821571238349 0.143740340030912 0.136484687083888 0.162287480680062 0.135153129161119 0.180834621329212 0.123169107856192 0.180834621329212 0.123169107856192 0.353941267387944 0.194407456724368 0.352395672333849 0.194407456724368 0.179289026275116
0 0.268974700399467 0.160741885625966 0.266311584553928 0.129829984544049 0.266311584553928 0.100463678516229 0.262982689747004 0.0695517774343122 0.261651131824234 0.0417310664605873 0.260319573901465 0.0170015455950541 0.258988015978695 0.00154559505409583 0.217709720372836 0.00309119010819165 0.217709720372836 0.0216383307573416 0.217709720372836 0.0417310664605873 0.219707057256991 0.0633693972179289 0.22103861517976 0.0850077279752705 0.22103861517976 0.106646058732612 0.221704394141145 0.129829984544049 0.223035952063915 0.149922720247295 0.224367509986684 0.163833075734158 0.225699067909454 0.173106646058733 0.213049267643142 0.171561051004637 0.211717709720373 0.349304482225657 0.284953395472703 0.349304482225657 0.283621837549933 0.170015455950541 0.270306258322237 0.171561051004637
0 0.363515312916112 0.166924265842349 0.360186418109188 0.142194744976816 0.362183754993342 0.115919629057187 0.362183754993342 0.0865533230293663 0.362849533954727 0.0649149922720247 0.360186418109188 0.0417310664605873 0.358854860186418 0.0216383307573416 0.356857523302264 0.00309119010819165 0.31491344873502 0.00309119010819165 0.31491344873502 0.0185471406491499 0.316910785619174 0.0432766615146832 0.318242343541944 0.0618238021638331 0.318242343541944 0.0819165378670788 0.318908122503329 0.105100463678516 0.319573901464714 0.137557959814529 0.319573901464714 0.154559505409583 0.318242343541944 0.168469860896445 0.303595206391478 0.173106646058733 0.302263648468708 0.343122102009274 0.376165113182423 0.344667697063369 0.376165113182423 0.168469860896445
0 0.448069241011984 0.176197836166924 0.450732356857523 0.154559505409583 0.451398135818908 0.128284389489954 0.452063914780293 0.10355486862442 0.450732356857523 0.0741885625965997 0.449400798934754 0.044822256568779 0.447403462050599 0.0247295208655332 0.447403462050599 0 0.405459387483356 0.00154559505409583 0.405459387483356 0.0216383307573416 0.404793608521971 0.044822256568779 0.404793608521971 0.0618238021638331 0.40612516644474 0.0865533230293663 0.40878828229028 0.105100463678516 0.408122503328895 0.126738794435858 0.408122503328895 0.145285935085008 0.409454061251664 0.160741885625966 0.409454061251664 0.176197836166924 0.400133155792277 0.174652241112828 0.400133155792277 0.343122102009274 0.466711051930759 0.343122102009274 0.466045272969374 0.17774343122102
0 0.541278295605859 0.15919629057187 0.543941411451398 0.136012364760433 0.546604527296937 0.112828438948995 0.545938748335553 0.0834621329211746 0.546604527296937 0.0556414219474498 0.545938748335553 0.035548686244204 0.544607190412783 0.0200927357032457 0.539946737683089 0.00309119010819165 0.502663115845539 0.00309119010819165 0.5 0.0231839258114374 0.5 0.0432766615146832 0.5 0.0664605873261205 0.5 0.089644513137558 0.50133155792277 0.112828438948995 0.50133155792277 0.128284389489954 0.50133155792277 0.151468315301391 0.496005326231691 0.168469860896445 0.494673768308921 0.33693972179289 0.555925432756325 0.33693972179289 0.55659121171771 0.15919629057187
0 0.0532623169107856 0.731066460587326 0.051930758988016 0.74806800618238 0.0459387483355526 0.754250386398764 0.0439414114513981 0.769706336939722 0.044607190412783 0.797527047913447 0.0439414114513981 0.819165378670788 0.0439414114513981 0.84080370942813 0.0426098535286285 0.870170015455951 0.0426098535286285 0.894899536321484 0.0439414114513981 0.921174652241113 0.044607190412783 0.942812982998454 0.044607190412783 0.973724884080371 0.0439414114513981 0.998454404945904 0.0972037283621838 0.996908809891808 0.0978695073235686 0.965996908809892 0.0978695073235686 0.933539412673879 0.099866844207723 0.901081916537867 0.0992010652463382 0.860896445131376 0.100532623169108 0.826893353941267 0.101864181091878 0.800618238021638 0.100532623169108 0.769706336939722 0.0985352862849534 0.74806800618238 0.0958721704394141 0.731066460587326 0.101864181091878 0.721792890262751 0.101864181091878 0.545595054095827 0.0366178428761651 0.547140649149923 0.0359520639147803 0.732612055641422
0 0.133821571238349 0.724884080370943 0.129161118508655 0.754250386398764 0.12849533954727 0.774343122102009 0.130492676431425 0.795981452859351 0.127829560585885 0.820710973724884 0.124500665778961 0.842349304482226 0.123169107856192 0.873261205564142 0.121837549933422 0.899536321483771 0.121837549933422 0.9258114374034 0.121837549933422 0.950540958268933 0.121837549933422 0.973724884080371 0.122503328894807 0.996908809891808 0.184420772303595 0.996908809891808 0.18375499334221 0.972179289026275 0.182423435419441 0.939721792890263 0.182423435419441 0.913446676970634 0.183089214380826 0.879443585780525 0.185752330226365 0.854714064914992 0.18641810918775 0.828438948995363 0.188415446071904 0.800618238021638 0.190412782956059 0.775888717156105 0.191078561917443 0.760432766615147 0.192410119840213 0.741885625965997 0.195073235685752 0.717156105100464 0.195073235685752 0.540958268933539 0.125166444740346 0.542503863987635 0.124500665778961 0.724884080370943
0 0.22103861517976 0.744976816074189 0.221704394141145 0.768160741885626 0.221704394141145 0.792890262751159 0.220372836218376 0.817619783616692 0.217709720372836 0.848531684698609 0.218375499334221 0.874806800618238 0.219707057256991 0.908809891808346 0.219041278295606 0.938176197836167 0.219707057256991 0.969088098918084 0.218375499334221 0.998454404945904 0.274966711051931 0.996908809891808 0.27762982689747 0.972179289026275 0.27896138482024 0.936630602782071 0.280292942743009 0.913446676970634 0.27896138482024 0.887171561051005 0.279627163781625 0.862442040185471 0.281624500665779 0.833075734157651 0.280958721704394 0.80370942812983 0.281624500665779 0.777434312210201 0.282956058588549 0.757341576506955 0.278295605858855 0.738794435857805 0.275632490013316 0.724884080370943 0.288282290279627 0.726429675425039 0.286950732356858 0.53323029366306 0.214380825565912 0.53323029366306 0.214380825565912 0.723338485316847 0.227696404793609 0.723338485316847 0.227696404793609 0.738794435857805
0 0.316910785619174 0.740340030911901 0.31624500665779 0.760432766615147 0.31491344873502 0.786707882534776 0.31491344873502 0.812982998454405 0.315579227696405 0.836166924265842 0.315579227696405 0.870170015455951 0.31491344873502 0.899536321483771 0.31624500665779 0.9258114374034 0.317576564580559 0.952086553323029 0.320239680426099 0.972179289026275 0.320905459387483 0.998454404945904 0.370838881491345 0.996908809891808 0.37150466045273 0.970633693972179 0.372836218375499 0.938176197836167 0.372836218375499 0.911901081916538 0.372836218375499 0.885625965996909 0.375499334221039 0.857805255023184 0.374833555259654 0.825347758887172 0.374833555259654 0.789799072642968 0.376165113182423 0.763523956723339 0.376165113182423 0.732612055641422 0.376165113182423 0.709428129829984 0.376165113182423 0.528593508500773 0.305592543275633 0.528593508500773 0.305592543275633 0.714064914992272 0.31358189081225 0.718701700154559
0 0.410785619174434 0.755795981452859 0.411451398135819 0.775888717156105 0.412782956058589 0.806800618238022 0.412782956058589 0.831530139103555 0.410785619174434 0.865533230293663 0.409454061251664 0.890262751159196 0.40878828229028 0.913446676970634 0.40878828229028 0.938176197836167 0.410119840213049 0.965996908809892 0.40878828229028 0.98145285935085 0.406790945406125 0.998454404945904 0.468042609853529 0.996908809891808 0.468708388814914 0.965996908809892 0.469374167776298 0.938176197836167 0.469374167776298 0.90726429675425 0.470705725699068 0.87789799072643 0.470705725699068 0.846986089644513 0.470705725699068 0.820710973724884 0.470705725699068 0.809891808346213 0.473368841544607 0.783616692426584 0.473368841544607 0.760432766615147 0.471371504660453 0.741885625965997 0.466045272969374 0.726429675425039 0.466045272969374 0.525502318392581 0.397470039946738 0.527047913446677 0.396804260985353 0.721792890262751 0.40745672436751 0.723338485316847
0 0.504660452729694 0.732612055641422 0.49866844207723 0.752704791344668 0.497336884154461 0.772797527047913 0.49866844207723 0.797527047913447 0.49866844207723 0.823802163833076 0.497336884154461 0.848531684698609 0.496671105193076 0.87789799072643 0.498002663115846 0.904173106646059 0.498002663115846 0.931993817619784 0.494673768308921 0.952086553323029 0.492010652463382 0.975270479134467 0.489347536617843 0.998454404945904 0.550599201065246 0.996908809891808 0.551264980026631 0.970633693972179 0.55525965379494 0.938176197836167 0.557256990679095 0.908809891808346 0.560585885486019 0.874806800618238 0.560585885486019 0.845440494590417 0.561917443408788 0.808346213292117 0.563249001331558 0.778979907264297 0.563249001331558 0.74806800618238 0.553928095872171 0.735703245749614 0.548601864181092 0.714064914992272 0.560585885486019 0.712519319938176 0.559920106524634 0.525502318392581 0.492676431424767 0.52241112828439 0.494673768308921 0.701700154559505 0.502663115845539 0.703245749613601 0.506657789613848 0.703245749613601 0.506657789613848 0.723338485316847