0 0 0.00527704485488127 0.05858310626703 0.0105540897097625 0.064051638530288 0.200961538461538 0.0724925521350546 0.219230769230769 0.0722070844686648 0.37467018469657 0.00148957298907646 0.372115384615385 0.000496524329692155 0.215384615384615 0.00272479564032698 0.195250659630607
0 0.0803814713896458 0 0.137602179836512 0.00263852242744063 0.143051771117166 0.197889182058048 0.153950953678474 0.253298153034301 0.158038147138965 0.356200527704486 0.0803814713896458 0.361477572559367 0.0790190735694823 0.253298153034301 0.0871934604904632 0.195250659630607
0 0.166212534059945 0.00263852242744063 0.217983651226158 0 0.235694822888283 0.213720316622691 0.23433242506812 0.358839050131926 0.162363455809335 0.354807692307692 0.161866931479642 0.233653846153846 0.168321747765641 0.221153846153846 0.168937329700272 0.200527704485488
0 0.243869209809264 0 0.298365122615804 0 0.321525885558583 0.200527704485488 0.322888283378747 0.369393139841689 0.249318801089918 0.372031662269129 0.249318801089918 0.131926121372032
0 0.331062670299728 0.0105540897097625 0.381471389645777 0.0079155672823219 0.391008174386921 0.139841688654354 0.398212512413108 0.217307692307692 0.404632152588556 0.366754617414248 0.332425068119891 0.364116094986807 0.336512261580382 0.197889182058048 0.336512261580382 0.108179419525066
0 0.408719346049046 0.0105540897097625 0.463215258855586 0.0079155672823219 0.47275204359673 0.163588390501319 0.479145978152929 0.226923076923077 0.483118172790467 0.358653846153846 0.419618528610354 0.366754617414248 0.415531335149864 0.139841688654354
0 0.501362397820163 0 0.550408719346049 0 0.557220708446866 0.16622691292876 0.562562065541212 0.203846153846154 0.564051638530288 0.353846153846154 0.513623978201635 0.358839050131926 0.501362397820163 0.195250659630607 0.493188010899183 0.0817941952506596
0 0.581743869209809 0 0.623978201634877 0 0.637602179836512 0.142480211081794 0.645481628599801 0.201923076923077 0.645978152929493 0.353846153846154 0.591360476663356 0.351923076923077 0.588555858310627 0.153034300791557 0.583106267029973 0.100263852242744
0 0.660762942779292 0 0.717983651226158 0.0105540897097625 0.717983651226158 0.142480211081794 0.727904667328699 0.192307692307692 0.728897715988083 0.356730769230769 0.67974180734856 0.358653846153846 0.677111716621253 0.116094986807388 0.660762942779292 0.105540897097625
0 0.735694822888283 0 0.73841961852861 0.116094986807388 0.762942779291553 0.118733509234829 0.764305177111717 0.356200527704486 0.82016348773842 0.358839050131926 0.814713896457766 0.142480211081794 0.791553133514986 0.0949868073878628 0.783378746594005 0
0 0.818801089918256 0 0.828337874659401 0.100263852242744 0.85149863760218 0.105540897097625 0.862397820163488 0.350923482849604 0.908719346049046 0.348284960422164 0.899182561307902 0.12664907651715 0.869209809264305 0
0 0.0122615803814714 0.559366754617414 0.0722070844686648 0.562005277044855 0.0749318801089918 0.881266490765172 0.0122615803814714 0.878627968337731 0.00681198910081744 0.686015831134565
0 0.0871934604904632 0.559366754617414 0.156675749318801 0.559366754617414 0.158038147138965 0.70976253298153 0.14441416893733 0.722955145118733 0.152588555858311 0.786279683377309 0.153950953678474 0.881266490765172 0.0967302452316076 0.883905013192612 0.0940054495912807 0.767810026385224 0.0844686648501362 0.696569920844327
0 0.170299727520436 0.559366754617414 0.23841961852861 0.562005277044855 0.242506811989101 0.717678100263852 0.250681198910082 0.894459102902375 0.17983651226158 0.905013192612137 0.177111716621253 0.799472295514512 0.197547683923706 0.788918205804749 0.189373297002725 0.746701846965699 0.171662125340599 0.738786279683377
0 0.249318801089918 0.559366754617414 0.318801089918256 0.556728232189974 0.325613079019074 0.717678100263852 0.314713896457766 0.744063324538259 0.322888283378747 0.762532981530343 0.328337874659401 0.889182058047493 0.254768392370572 0.905013192612137 0.252043596730245 0.783641160949868 0.264305177111717 0.757255936675462 0.254768392370572 0.70976253298153
0 0.332425068119891 0.556728232189974 0.412806539509537 0.562005277044855 0.401907356948229 0.733509234828496 0.407356948228883 0.897097625329815 0.337874659400545 0.894459102902375 0.337874659400545 0.678100263852243
0 0.427792915531335 0.554089709762533 0.487738419618529 0.551451187335092 0.474114441416894 0.741424802110818 0.478201634877384 0.902374670184697 0.408719346049046 0.897097625329815 0.422343324250681 0.66754617414248
0 0.505449591280654 0.556728232189974 0.569482288828338 0.554089709762533 0.561307901907357 0.699208443271768 0.553133514986376 0.757255936675462 0.568119891008174 0.794195250659631 0.572207084468665 0.899736147757256 0.5 0.905013192612137 0.501362397820163 0.762532981530343 0.509536784741145 0.733509234828496 0.501362397820163 0.662269129287599
0 0.591280653950954 0.548812664907652 0.64850136239782 0.54353562005277 0.645776566757493 0.715039577836412 0.64441416893733 0.810026385224275 0.645776566757493 0.897097625329815 0.602179836512262 0.899736147757256 0.592643051771117 0.820580474934037 0.587193460490463 0.733509234828496
0 0.678474114441417 0.532981530343008 0.735694822888283 0.535620052770449 0.720708446866485 0.720316622691293 0.712534059945504 0.759894459102902 0.722070844686649 0.878627968337731 0.656675749318801 0.87598944591029 0.666212534059946 0.751978891820581 0.673024523160763 0.635883905013193
0 0.767029972752044 0.535620052770449 0.82016348773842 0.538258575197889 0.801089918256131 0.70976253298153 0.806539509536785 0.857519788918206 0.73841961852861 0.87335092348285 0.739782016348774 0.765171503957784 0.754768392370572 0.757255936675462 0.749318801089918 0.654353562005277
0 0.839237057220709 0.54089709762533 0.904632152588556 0.535620052770449 0.880108991825613 0.712401055408971 0.881471389645777 0.868073878627968 0.817438692098093 0.868073878627968 0.813351498637602 0.765171503957784 0.843324250681199 0.767810026385224 0.841961852861035 0.696569920844327