0 0.0792276964047936 0.523809523809524 0.0805592543275633 0.576719576719577 0.0798934753661784 0.634920634920635 0.0805592543275633 0.71957671957672 0.0812250332889481 0.772486772486772 0.0812250332889481 0.835978835978836 0.0805592543275633 0.920634920634921 0.0805592543275633 0.989417989417989 0.0572569906790945 0.989417989417989 0.0552596537949401 0.925925925925926 0.0552596537949401 0.846560846560847 0.0539280958721704 0.777777777777778 0.0505992010652463 0.71957671957672 0.0486018641810919 0.656084656084656 0.0492676431424767 0.576719576719577 0.0525965379494008 0.513227513227513 0.0585885486018642 0.502645502645503 0.0539280958721704 0.444444444444444 0.0459387483355526 0.428571428571428 0.0466045272969374 0.142857142857143 0.0812250332889481 0.142857142857143 0.0805592543275633 0.412698412698413 0.0765645805592543 0.433862433862434 0.073901464713715 0.481481481481482
0 0.0958721704394141 0.428571428571428 0.0992010652463382 0.497354497354497 0.101864181091877 0.523809523809524 0.0965379494007989 0.555555555555555 0.0958721704394141 0.613756613756614 0.0958721704394141 0.687830687830688 0.0978695073235686 0.73015873015873 0.099866844207723 0.777777777777778 0.099866844207723 0.846560846560847 0.0992010652463382 0.904761904761905 0.100532623169108 0.984126984126984 0.123834886817577 0.978835978835979 0.123834886817577 0.873015873015873 0.122503328894807 0.783068783068783 0.123834886817577 0.693121693121693 0.122503328894807 0.624338624338624 0.120505992010652 0.55026455026455 0.116511318242344 0.513227513227513 0.119840213049268 0.486772486772487 0.122503328894807 0.423280423280423 0.125832223701731 0.417989417989418 0.125166444740346 0.137566137566138 0.0905459387483356 0.142857142857143 0.0905459387483356 0.402116402116402
0 0.139147802929427 0.444444444444444 0.139813581890812 0.507936507936508 0.143808255659121 0.544973544973545 0.140479360852197 0.576719576719577 0.139147802929427 0.624338624338624 0.137816245006658 0.687830687830688 0.138482023968043 0.761904761904762 0.139147802929427 0.841269841269841 0.137816245006658 0.904761904761905 0.140479360852197 0.984126984126984 0.163115845539281 0.978835978835979 0.163115845539281 0.91005291005291 0.163781624500666 0.846560846560847 0.163781624500666 0.756613756613757 0.164447403462051 0.671957671957672 0.163115845539281 0.608465608465608 0.158455392809587 0.571428571428571 0.158455392809587 0.518518518518518 0.161784287616511 0.497354497354497 0.162450066577896 0.439153439153439 0.169107856191744 0.417989417989418 0.169107856191744 0.142857142857143 0.133155792276964 0.142857142857143 0.133155792276964 0.402116402116402
0 0.181757656458056 0.428571428571428 0.183089214380826 0.486772486772487 0.18508655126498 0.534391534391534 0.181757656458056 0.582010582010582 0.180426098535286 0.634920634920635 0.180426098535286 0.687830687830688 0.179760319573901 0.735449735449735 0.179760319573901 0.804232804232804 0.179760319573901 0.867724867724868 0.179760319573901 0.920634920634921 0.180426098535286 0.984126984126984 0.205725699067909 0.984126984126984 0.207723035952064 0.894179894179894 0.208388814913449 0.809523809523809 0.207723035952064 0.751322751322751 0.208388814913449 0.682539682539682 0.205725699067909 0.608465608465608 0.20306258322237 0.55026455026455 0.205059920106525 0.502645502645503 0.206391478029294 0.444444444444444 0.213049267643142 0.417989417989418 0.213049267643142 0.148148148148148 0.177097203728362 0.148148148148148 0.176431424766977 0.391534391534392
0 0.227030625832224 0.428571428571428 0.228362183754993 0.492063492063492 0.227696404793609 0.560846560846561 0.225699067909454 0.613756613756614 0.225033288948069 0.671957671957672 0.224367509986684 0.724867724867725 0.226364846870839 0.777777777777778 0.227030625832224 0.846560846560847 0.229693741677763 0.920634920634921 0.230359520639148 0.989417989417989 0.252996005326232 0.989417989417989 0.253661784287616 0.920634920634921 0.254993342210386 0.862433862433862 0.254993342210386 0.783068783068783 0.254993342210386 0.71957671957672 0.253661784287616 0.650793650793651 0.252996005326232 0.587301587301587 0.250332889480692 0.534391534391534 0.250998668442077 0.492063492063492 0.252330226364847 0.433862433862434 0.25832223701731 0.433862433862434 0.25832223701731 0.148148148148148 0.220372836218375 0.148148148148148 0.219707057256991 0.391534391534392
0 0.272303595206391 0.513227513227513 0.272303595206391 0.587301587301587 0.270972037283622 0.64021164021164 0.272303595206391 0.698412698412698 0.272303595206391 0.767195767195767 0.272303595206391 0.830687830687831 0.272303595206391 0.904761904761905 0.272303595206391 0.984126984126984 0.294940079893475 0.978835978835979 0.296271637816245 0.904761904761905 0.297603195739015 0.841269841269841 0.298934753661784 0.756613756613757 0.297603195739015 0.682539682539682 0.298934753661784 0.597883597883598 0.298934753661784 0.534391534391534 0.296271637816245 0.486772486772487 0.297603195739015 0.439153439153439 0.302263648468708 0.407407407407407 0.304926764314248 0.375661375661376 0.304260985352863 0.153439153439153 0.264980026631158 0.148148148148148 0.264980026631158 0.417989417989418 0.269640479360852 0.423280423280423 0.272303595206391 0.46031746031746
0 0.31491344873502 0.439153439153439 0.315579227696405 0.513227513227513 0.31491344873502 0.597883597883598 0.314247669773635 0.677248677248677 0.31491344873502 0.756613756613757 0.31491344873502 0.830687830687831 0.314247669773635 0.91005291005291 0.31491344873502 0.984126984126984 0.333555259653795 0.989417989417989 0.33422103861518 0.899470899470899 0.336218375499334 0.825396825396825 0.338881491344874 0.751322751322751 0.338881491344874 0.682539682539682 0.340213049267643 0.597883597883598 0.338881491344874 0.529100529100529 0.338215712383489 0.476190476190476 0.338881491344874 0.428571428571428 0.343541944074567 0.417989417989418 0.343541944074567 0.148148148148148 0.309587217043941 0.148148148148148 0.309587217043941 0.396825396825397
0 0.358854860186418 0.44973544973545 0.360186418109188 0.513227513227513 0.358854860186418 0.560846560846561 0.354860186418109 0.592592592592593 0.354194407456724 0.666666666666667 0.355525965379494 0.73015873015873 0.354860186418109 0.804232804232804 0.354860186418109 0.878306878306878 0.354194407456724 0.931216931216931 0.355525965379494 0.994708994708995 0.377496671105193 0.989417989417989 0.378828229027963 0.91005291005291 0.379494007989348 0.851851851851852 0.379494007989348 0.761904761904762 0.380825565912117 0.687830687830688 0.380159786950732 0.613756613756614 0.379494007989348 0.560846560846561 0.376830892143808 0.507936507936508 0.378828229027963 0.465608465608466 0.384154460719041 0.44973544973545 0.388814913448735 0.412698412698413 0.386817576564581 0.148148148148148 0.354194407456724 0.142857142857143 0.35352862849534 0.417989417989418
0 0.402796271637816 0.439153439153439 0.405459387483356 0.492063492063492 0.40745672436751 0.53968253968254 0.403462050599201 0.587301587301587 0.402130492676431 0.645502645502645 0.402130492676431 0.708994708994709 0.401464713715047 0.777777777777778 0.402130492676431 0.846560846560847 0.401464713715047 0.904761904761905 0.402796271637816 0.994708994708995 0.428095872170439 1 0.428095872170439 0.899470899470899 0.428095872170439 0.825396825396825 0.428095872170439 0.746031746031746 0.428095872170439 0.671957671957672 0.427430093209055 0.603174603174603 0.422103861517976 0.55026455026455 0.424101198402131 0.497354497354497 0.424101198402131 0.444444444444444 0.429427430093209 0.407407407407407 0.430093209054594 0.137566137566138 0.396138482023968 0.137566137566138 0.397470039946738 0.412698412698413
0 0.446737683089214 0.507936507936508 0.444074567243675 0.555555555555555 0.44340878828229 0.613756613756614 0.44340878828229 0.661375661375661 0.442743009320905 0.735449735449735 0.44340878828229 0.788359788359788 0.44340878828229 0.841269841269841 0.44340878828229 0.899470899470899 0.44474034620506 0.989417989417989 0.467376830892144 0.994708994708995 0.468042609853529 0.925925925925926 0.468042609853529 0.846560846560847 0.468708388814914 0.772486772486772 0.470705725699068 0.703703703703704 0.469374167776298 0.619047619047619 0.468708388814914 0.576719576719577 0.468042609853529 0.513227513227513 0.467376830892144 0.44973544973545 0.474034620505992 0.396825396825397 0.474700399467377 0.137566137566138 0.440079893475366 0.132275132275132 0.440745672436751 0.417989417989418 0.445406125166445 0.444444444444444
0 0.565246338215712 0.433862433862434 0.568575233022636 0.481481481481482 0.567243675099867 0.534391534391534 0.564580559254328 0.582010582010582 0.563249001331558 0.645502645502645 0.563249001331558 0.708994708994709 0.563249001331558 0.761904761904762 0.564580559254328 0.82010582010582 0.564580559254328 0.873015873015873 0.564580559254328 0.915343915343915 0.564580559254328 1 0.583888149134487 1 0.586551264980027 0.936507936507937 0.588548601864181 0.873015873015873 0.589214380825566 0.788359788359788 0.588548601864181 0.714285714285714 0.588548601864181 0.64021164021164 0.587882822902796 0.576719576719577 0.584553928095872 0.513227513227513 0.588548601864181 0.44973544973545 0.597203728362184 0.412698412698413 0.596537949400799 0.142857142857143 0.564580559254328 0.137566137566138
0 0.613848202396804 0.502645502645503 0.607856191744341 0.529100529100529 0.606524633821571 0.592592592592593 0.605193075898802 0.661375661375661 0.604527296937417 0.71957671957672 0.605193075898802 0.788359788359788 0.604527296937417 0.857142857142857 0.603861517976032 0.915343915343915 0.600532623169108 0.978835978835979 0.625166444740346 0.978835978835979 0.627163781624501 0.91005291005291 0.63115845539281 0.809523809523809 0.633155792276964 0.703703703703704 0.632490013315579 0.62962962962963 0.631824234354194 0.560846560846561 0.62849533954727 0.497354497354497 0.63115845539281 0.439153439153439 0.637816245006658 0.391534391534392 0.637816245006658 0.142857142857143 0.609187749667111 0.142857142857143 0.609187749667111 0.455026455026455
0 0.651797603195739 0.492063492063492 0.649800266311585 0.544973544973545 0.649800266311585 0.613756613756614 0.6491344873502 0.682539682539682 0.648468708388815 0.751322751322751 0.6491344873502 0.809523809523809 0.651131824234354 0.873015873015873 0.652463382157124 0.941798941798942 0.666444740346205 0.936507936507937 0.671105193075899 0.862433862433862 0.672436750998669 0.783068783068783 0.673768308921438 0.682539682539682 0.673768308921438 0.608465608465608 0.673102529960053 0.523809523809524 0.669107856191744 0.470899470899471 0.673102529960053 0.423280423280423 0.679094540612517 0.402116402116402 0.678428761651132 0.148148148148148 0.651797603195739 0.148148148148148
0 0.694407456724367 0.507936507936508 0.690412782956059 0.544973544973545 0.690412782956059 0.613756613756614 0.690412782956059 0.677248677248677 0.689747003994674 0.740740740740741 0.689081225033289 0.814814814814815 0.688415446071904 0.904761904761905 0.689081225033289 0.984126984126984 0.706391478029294 0.978835978835979 0.709720372836218 0.904761904761905 0.711051930758988 0.841269841269841 0.713715046604527 0.767195767195767 0.715712383488682 0.671957671957672 0.715046604527297 0.587301587301587 0.714380825565912 0.518518518518518 0.711717709720373 0.476190476190476 0.715046604527297 0.428571428571428 0.721704394141145 0.407407407407407 0.721704394141145 0.148148148148148 0.694407456724367 0.148148148148148
0 0.736351531291611 0.497354497354497 0.733022636484687 0.544973544973545 0.730359520639148 0.597883597883598 0.730359520639148 0.677248677248677 0.730359520639148 0.756613756613757 0.729693741677763 0.825396825396825 0.731025299600533 0.888888888888889 0.731691078561917 0.984126984126984 0.755659121171771 0.984126984126984 0.755659121171771 0.904761904761905 0.756324900133156 0.809523809523809 0.756324900133156 0.73015873015873 0.756990679094541 0.645502645502645 0.754993342210386 0.582010582010582 0.754327563249001 0.518518518518518 0.754327563249001 0.46031746031746 0.75832223701731 0.417989417989418 0.763648468708389 0.417989417989418 0.762982689747004 0.153439153439153 0.736351531291611 0.148148148148148
0 0.780292942743009 0.507936507936508 0.778295605858855 0.603174603174603 0.778295605858855 0.677248677248677 0.77896138482024 0.746031746031746 0.77896138482024 0.804232804232804 0.779627163781625 0.873015873015873 0.780292942743009 0.978835978835979 0.806258322237017 0.984126984126984 0.806258322237017 0.915343915343915 0.805592543275632 0.846560846560847 0.805592543275632 0.783068783068783 0.804260985352863 0.703703703703704 0.804260985352863 0.624338624338624 0.802929427430093 0.55026455026455 0.798268974700399 0.507936507936508 0.799600532623169 0.439153439153439 0.805592543275632 0.375661375661376 0.805592543275632 0.148148148148148 0.779627163781625 0.148148148148148