0 0.0272479564032698 0.348571428571429 0.100817438692098 0.354285714285714 0.103542234332425 0.168571428571429 0.0899182561307902 0.165714285714286 0.0885558583106267 0.0971428571428571 0.0994550408719346 0.00285714285714286 0.0572207084468665 0 0.0408719346049046 0.0342857142857143 0.0408719346049046 0.0714285714285714 0.0449591280653951 0.162857142857143 0.0245231607629428 0.162857142857143
0 0.123978201634877 0.16 0.118528610354223 0.342857142857143 0.20708446866485 0.337142857142857 0.20708446866485 0.151428571428571 0.188010899182561 0.148571428571429 0.190735694822888 0.00285714285714286 0.141689373297003 0.00571428571428571 0.143051771117166 0.151428571428571
0 0.237057220708447 0 0.291553133514986 0.00857142857142857 0.284741144414169 0.165714285714286 0.303814713896458 0.16 0.299727520435967 0.337142857142857 0.219346049046322 0.325714285714286 0.222070844686649 0.165714285714286 0.23841961852861 0.157142857142857 0.23841961852861 0.0914285714285714
0 0.343324250681199 0 0.389645776566758 0.00571428571428571 0.393732970027248 0.0428571428571429 0.381471389645777 0.154285714285714 0.401907356948229 0.162857142857143 0.397820163487738 0.34 0.32016348773842 0.337142857142857 0.321525885558583 0.137142857142857 0.333787465940054 0.145714285714286
0 0.444141689373297 0 0.482288828337875 0.00857142857142857 0.487738419618529 0.0457142857142857 0.479564032697548 0.165714285714286 0.498637602179836 0.168571428571429 0.49591280653951 0.331428571428571 0.423705722070845 0.331428571428571 0.433242506811989 0.157142857142857
0 0.538147138964578 0 0.572207084468665 0 0.580381471389646 0.16 0.596730245231608 0.157142857142857 0.596730245231608 0.325714285714286 0.52724795640327 0.334285714285714
0 0.0313351498637602 0.502857142857143 0.104904632152589 0.505714285714286 0.107629427792916 0.685714285714286 0.0967302452316076 0.72 0.102179836512262 0.854285714285714 0.123978201634877 1 0.05858310626703 1 0.0435967302452316 0.902857142857143 0.0326975476839237 0.694285714285714 0.0286103542234332 0.611428571428571
0 0.130790190735695 0.511428571428571 0.197547683923706 0.511428571428571 0.200272479564033 0.608571428571429 0.200272479564033 0.694285714285714 0.193460490463215 0.711428571428571 0.201634877384196 0.997142857142857 0.138964577656676 1 0.128065395095368 0.888571428571428 0.125340599455041 0.68
0 0.224795640326975 0.514285714285714 0.298365122615804 0.511428571428571 0.302452316076294 0.688571428571429 0.286103542234332 0.7 0.290190735694823 1 0.226158038147139 1 0.226158038147139 0.828571428571429 0.220708446866485 0.72 0.231607629427793 0.685714285714286 0.217983651226158 0.685714285714286
0 0.317438692098093 0.505714285714286 0.397820163487738 0.508571428571429 0.393732970027248 0.677142857142857 0.385558583106267 0.691428571428571 0.393732970027248 1 0.331062670299728 0.997142857142857 0.325613079019074 0.822857142857143 0.331062670299728 0.685714285714286 0.317438692098093 0.682857142857143
0 0.425068119891008 0.502857142857143 0.514986376021798 0.505714285714286 0.516348773841962 0.7 0.487738419618529 0.705714285714286 0.497275204359673 0.737142857142857 0.505449591280654 1 0.448228882833787 1 0.440054495912807 0.888571428571428 0.43732970027248 0.811428571428571 0.429155313351499 0.682857142857143
0 0.528610354223433 0.502857142857143 0.592643051771117 0.505714285714286 0.591280653950954 0.682857142857143 0.572207084468665 0.688571428571429 0.581743869209809 0.757142857142857 0.588555858310627 1 0.53133514986376 1 0.534059945504087 0.9 0.544959128065395 0.805714285714286 0.528610354223433 0.814285714285714 0.536784741144414 0.737142857142857 0.52724795640327 0.688571428571429