0 0.0505992010652463 0.171361502347418 0.0512649800266312 0.140845070422535 0.0512649800266312 0.112676056338028 0.0512649800266312 0.0845070422535211 0.0499334221038615 0.0539906103286385 0.0486018641810919 0.028169014084507 0.051930758988016 0.00234741784037559 0.0199733688415446 0.00234741784037559 0.0179760319573901 0.028169014084507 0.0173102529960053 0.0492957746478873 0.0166444740346205 0.07981220657277 0.0166444740346205 0.112676056338028 0.0159786950732357 0.140845070422535 0.0159786950732357 0.171361502347418 0.0193075898801598 0.183098591549296 0.0219707057256991 0.211267605633803 0.0219707057256991 0.244131455399061 0.0219707057256991 0.431924882629108 0.0545938748335553 0.434272300469484 0.0545938748335553 0.23943661971831 0.051930758988016 0.211267605633803 0.0532623169107856 0.192488262910798
0 0.103861517976032 0.173708920187793 0.103195739014647 0.13849765258216 0.103861517976032 0.107981220657277 0.102529960053262 0.0751173708920188 0.103195739014647 0.039906103286385 0.103195739014647 0.0211267605633803 0.100532623169108 0 0.0732356857523302 0 0.0712383488681758 0.0164319248826291 0.0699067909454061 0.0422535211267606 0.0699067909454061 0.0704225352112676 0.0685752330226365 0.10093896713615 0.070572569906791 0.122065727699531 0.0719041278295606 0.150234741784038 0.0725699067909454 0.18075117370892 0.073901464713715 0.204225352112676 0.073901464713715 0.237089201877934 0.0699067909454061 0.26056338028169 0.0692410119840213 0.424882629107981 0.109187749667111 0.424882629107981 0.109187749667111 0.23943661971831 0.105193075898802 0.21830985915493
0 0.156458055925433 0.178403755868545 0.155792276964048 0.143192488262911 0.157123834886818 0.110328638497653 0.157123834886818 0.0774647887323944 0.156458055925433 0.0492957746478873 0.155792276964048 0 0.12849533954727 0 0.125832223701731 0.0305164319248826 0.125832223701731 0.0633802816901408 0.123169107856192 0.0892018779342723 0.122503328894807 0.117370892018779 0.123169107856192 0.145539906103286 0.124500665778961 0.171361502347418 0.127163781624501 0.185446009389671 0.127163781624501 0.211267605633803 0.125166444740346 0.237089201877934 0.121837549933422 0.258215962441315 0.121171770972037 0.422535211267606 0.159786950732357 0.424882629107981 0.159786950732357 0.246478873239437 0.156458055925433 0.206572769953052
0 0.209054593874834 0.171361502347418 0.208388814913449 0.126760563380282 0.207723035952064 0.0821596244131455 0.207057256990679 0.0469483568075117 0.206391478029294 0.0187793427230047 0.205725699067909 0.00234741784037559 0.175765645805593 0.00469483568075117 0.175765645805593 0.0352112676056338 0.174434087882823 0.0633802816901408 0.174434087882823 0.0938967136150235 0.174434087882823 0.124413145539906 0.175765645805593 0.150234741784038 0.175765645805593 0.178403755868545 0.177762982689747 0.190140845070423 0.177762982689747 0.211267605633803 0.177762982689747 0.234741784037559 0.174434087882823 0.269953051643192 0.173102529960053 0.427230046948357 0.212383488681758 0.424882629107981 0.213049267643142 0.253521126760563 0.209054593874834 0.225352112676056 0.207057256990679 0.199530516431925
0 0.256324900133156 0.211267605633803 0.256324900133156 0.176056338028169 0.255659121171771 0.136150234741784 0.256324900133156 0.0962441314553991 0.255659121171771 0.0563380281690141 0.254993342210386 0.0328638497652582 0.255659121171771 0.00234741784037559 0.225699067909454 0 0.2237017310253 0.0258215962441315 0.221704394141145 0.0610328638497653 0.22237017310253 0.0892018779342723 0.22237017310253 0.122065727699531 0.2237017310253 0.147887323943662 0.225699067909454 0.169014084507042 0.229027962716378 0.190140845070423 0.226364846870839 0.211267605633803 0.225033288948069 0.246478873239437 0.225033288948069 0.42018779342723 0.264314247669774 0.422535211267606 0.264314247669774 0.237089201877934 0.260319573901465 0.230046948356808
0 0.308255659121172 0.173708920187793 0.310252996005326 0.136150234741784 0.308921438082557 0.103286384976526 0.308921438082557 0.068075117370892 0.308255659121172 0.0352112676056338 0.306258322237017 0.00234741784037559 0.276964047936085 0.00469483568075117 0.275632490013316 0.0258215962441315 0.274300932090546 0.0516431924882629 0.274300932090546 0.07981220657277 0.273635153129161 0.112676056338028 0.272969374167776 0.133802816901408 0.272303595206392 0.164319248826291 0.274300932090546 0.176056338028169 0.27896138482024 0.194835680751174 0.2762982689747 0.23943661971831 0.275632490013316 0.424882629107981 0.318242343541944 0.427230046948357 0.318242343541944 0.232394366197183 0.312250332889481 0.223004694835681 0.308255659121172 0.206572769953052
0 0.366178428761651 0.183098591549296 0.366178428761651 0.143192488262911 0.366844207723036 0.112676056338028 0.368175765645806 0.0868544600938967 0.369507323568575 0.0610328638497653 0.37017310252996 0.0352112676056338 0.372836218375499 0.00234741784037559 0.33422103861518 0.00469483568075117 0.33155792276964 0.0328638497652582 0.330892143808256 0.0633802816901408 0.329560585885486 0.10093896713615 0.329560585885486 0.129107981220657 0.330226364846871 0.152582159624413 0.332223701731025 0.176056338028169 0.332223701731025 0.213615023474178 0.332223701731025 0.244131455399061 0.327563249001332 0.265258215962441 0.326231691078562 0.429577464788732 0.366844207723036 0.429577464788732 0.365512649800266 0.241784037558685 0.362849533954727 0.215962441314554 0.361517976031957 0.197183098591549
0 0.411451398135819 0.220657276995305 0.40878828229028 0.190140845070423 0.412117177097204 0.18075117370892 0.412117177097204 0.140845070422535 0.412782956058589 0.0938967136150235 0.410785619174434 0.0633802816901408 0.410785619174434 0.0305164319248826 0.408122503328895 0 0.379494007989348 0.00469483568075117 0.377496671105193 0.0375586854460094 0.377496671105193 0.0704225352112676 0.376830892143808 0.0938967136150235 0.376830892143808 0.126760563380282 0.376830892143808 0.152582159624413 0.376830892143808 0.176056338028169 0.380825565912117 0.194835680751174 0.380159786950732 0.234741784037559 0.380825565912117 0.431924882629108 0.417443408788282 0.429577464788732 0.416777629826897 0.237089201877934
0 0.46271637816245 0.164319248826291 0.462050599201065 0.122065727699531 0.460053262316911 0.0868544600938967 0.460719041278296 0.0492957746478873 0.459387483355526 0.0211267605633803 0.459387483355526 0.00469483568075117 0.426098535286285 0.00469483568075117 0.424766977363515 0.0375586854460094 0.424101198402131 0.0657276995305164 0.424101198402131 0.0938967136150235 0.424101198402131 0.122065727699531 0.424101198402131 0.147887323943662 0.424101198402131 0.169014084507042 0.435419440745672 0.171361502347418 0.436750998668442 0.194835680751174 0.434753661784288 0.213615023474178 0.432756324900133 0.234741784037559 0.432090545938748 0.422535211267606 0.472703062583222 0.422535211267606 0.473368841544607 0.241784037558685 0.465379494007989 0.227699530516432 0.46138482023968 0.208920187793427 0.46138482023968 0.194835680751174
0 0.51930758988016 0.171361502347418 0.51930758988016 0.131455399061033 0.51930758988016 0.0868544600938967 0.51930758988016 0.0539906103286385 0.518641810918775 0.0258215962441315 0.517310252996005 0.00234741784037559 0.487350199733688 0.00234741784037559 0.486018641810919 0.028169014084507 0.484021304926764 0.0516431924882629 0.48335552596538 0.0868544600938967 0.48335552596538 0.115023474178404 0.484021304926764 0.140845070422535 0.488015978695073 0.173708920187793 0.489347536617843 0.199530516431925 0.488015978695073 0.227699530516432 0.485352862849534 0.276995305164319 0.486018641810919 0.424882629107981 0.525299600532623 0.424882629107981 0.525299600532623 0.255868544600939 0.524633821571238 0.223004694835681 0.51797603195739 0.21830985915493 0.517310252996005 0.194835680751174
0 0.567243675099867 0.213615023474178 0.567243675099867 0.18075117370892 0.571238348868176 0.169014084507042 0.570572569906791 0.133802816901408 0.569241011984021 0.0962441314553991 0.569241011984021 0.0610328638497653 0.567909454061252 0.0258215962441315 0.564580559254328 0 0.537949400798935 0 0.534620505992011 0.028169014084507 0.533954727030626 0.0563380281690141 0.533954727030626 0.0868544600938967 0.533954727030626 0.124413145539906 0.535286284953395 0.150234741784038 0.537949400798935 0.171361502347418 0.540612516644474 0.192488262910798 0.537949400798935 0.232394366197183 0.53728362183755 0.427230046948357 0.575898801597869 0.427230046948357 0.575233022636485 0.223004694835681
0 0.0525965379494008 0.835680751173709 0.0539280958721704 0.863849765258216 0.0559254327563249 0.884976525821596 0.0605858854860186 0.913145539906103 0.0625832223701731 0.938967136150235 0.0612516644474035 0.969483568075117 0.0605858854860186 0.995305164319249 0.0246338215712384 0.992957746478873 0.0239680426098535 0.964788732394366 0.0226364846870839 0.934272300469483 0.0246338215712384 0.908450704225352 0.025965379494008 0.884976525821596 0.0286284953395473 0.868544600938967 0.0326231691078562 0.842723004694836 0.033288948069241 0.823943661971831 0.0213049267643142 0.81924882629108 0.0213049267643142 0.654929577464789 0.0579227696404794 0.654929577464789 0.0572569906790945 0.81924882629108
0 0.070572569906791 0.875586854460094 0.0719041278295606 0.910798122065728 0.0732356857523302 0.938967136150235 0.0745672436750999 0.967136150234742 0.0765645805592543 0.995305164319249 0.108521970705726 0.992957746478873 0.109187749667111 0.967136150234742 0.11051930758988 0.94131455399061 0.107856191744341 0.910798122065728 0.105858854860186 0.882629107981221 0.104527296937417 0.856807511737089 0.105193075898802 0.826291079812207 0.109853528628495 0.816901408450704 0.109853528628495 0.652582159624413 0.0712383488681758 0.652582159624413 0.070572569906791 0.833333333333333 0.0792276964047936 0.833333333333333 0.0812250332889481 0.854460093896714 0.0818908122503329 0.868544600938967
0 0.130492676431425 0.84037558685446 0.12982689747004 0.863849765258216 0.124500665778961 0.863849765258216 0.123834886817577 0.894366197183099 0.124500665778961 0.934272300469483 0.125166444740346 0.962441314553991 0.127163781624501 0.976525821596244 0.129161118508655 0.997652582159624 0.159786950732357 0.995305164319249 0.163115845539281 0.974178403755869 0.163115845539281 0.94131455399061 0.160452729693742 0.908450704225352 0.158455392809587 0.877934272300469 0.157123834886818 0.849765258215962 0.157789613848202 0.823943661971831 0.160452729693742 0.812206572769953 0.159786950732357 0.652582159624413 0.117842876165113 0.654929577464789 0.118508655126498 0.816901408450704 0.123834886817577 0.81924882629108
0 0.184420772303595 0.845070422535211 0.18508655126498 0.875586854460094 0.181091877496671 0.887323943661972 0.178428761651132 0.906103286384977 0.178428761651132 0.931924882629108 0.179094540612517 0.960093896713615 0.180426098535286 0.97887323943662 0.182423435419441 0.990610328638498 0.212383488681758 0.992957746478873 0.215712383488682 0.962441314553991 0.215712383488682 0.931924882629108 0.213049267643142 0.908450704225352 0.211051930758988 0.892018779342723 0.208388814913449 0.86150234741784 0.208388814913449 0.835680751173709 0.210386151797603 0.830985915492958 0.210386151797603 0.654929577464789 0.174434087882823 0.652582159624413 0.173768308921438 0.823943661971831 0.178428761651132 0.830985915492958
0 0.231691078561917 0.838028169014085 0.232356857523302 0.866197183098591 0.228362183754993 0.882629107981221 0.227030625832224 0.906103286384977 0.227696404793609 0.929577464788732 0.229027962716378 0.964788732394366 0.230359520639148 1 0.262316910785619 0.997652582159624 0.262982689747004 0.969483568075117 0.265645805592543 0.938967136150235 0.263648468708389 0.910798122065728 0.261651131824234 0.880281690140845 0.25965379494008 0.849765258215962 0.263648468708389 0.821596244131455 0.262316910785619 0.645539906103286 0.2237017310253 0.647887323943662 0.223035952063915 0.812206572769953
0 0.283621837549933 0.838028169014085 0.284287616511318 0.86150234741784 0.27896138482024 0.863849765258216 0.276964047936085 0.884976525821596 0.275632490013316 0.92018779342723 0.276964047936085 0.943661971830986 0.279627163781625 0.964788732394366 0.280958721704394 0.990610328638498 0.312916111850865 0.992957746478873 0.31358189081225 0.960093896713615 0.314247669773635 0.927230046948357 0.312250332889481 0.894366197183099 0.310252996005326 0.86150234741784 0.307589880159787 0.842723004694836 0.312916111850865 0.830985915492958 0.31358189081225 0.645539906103286 0.275632490013316 0.643192488262911 0.2762982689747 0.821596244131455
0 0.33288948069241 0.845070422535211 0.33422103861518 0.868544600938967 0.330226364846871 0.877934272300469 0.329560585885486 0.903755868544601 0.332223701731025 0.938967136150235 0.332223701731025 0.957746478873239 0.333555259653795 0.990610328638498 0.362183754993342 0.992957746478873 0.364846870838881 0.960093896713615 0.364846870838881 0.927230046948357 0.363515312916112 0.896713615023474 0.362183754993342 0.873239436619718 0.360186418109188 0.852112676056338 0.357523302263648 0.835680751173709 0.363515312916112 0.826291079812207 0.364846870838881 0.647887323943662 0.326231691078562 0.645539906103286 0.326897470039947 0.826291079812207
0 0.434753661784288 0.835680751173709 0.435419440745672 0.866197183098591 0.432090545938748 0.877934272300469 0.433422103861518 0.908450704225352 0.432090545938748 0.936619718309859 0.432756324900133 0.957746478873239 0.434087882822903 0.992957746478873 0.466711051930759 0.995305164319249 0.469374167776298 0.969483568075117 0.470039946737683 0.943661971830986 0.470705725699068 0.913145539906103 0.468708388814913 0.875586854460094 0.465379494007989 0.852112676056338 0.460053262316911 0.852112676056338 0.460719041278296 0.826291079812207 0.468042609853529 0.821596244131455 0.467376830892144 0.650234741784038 0.430758988015979 0.650234741784038 0.430758988015979 0.823943661971831
0 0.484021304926764 0.84037558685446 0.487350199733688 0.86150234741784 0.484021304926764 0.875586854460094 0.48335552596538 0.906103286384977 0.482689747003995 0.936619718309859 0.484687083888149 0.964788732394366 0.482689747003995 0.995305164319249 0.515312916111851 0.995305164319249 0.517310252996005 0.969483568075117 0.517310252996005 0.943661971830986 0.517310252996005 0.917840375586854 0.516644474034621 0.892018779342723 0.515978695073236 0.866197183098591 0.511318242343542 0.866197183098591 0.509986684420772 0.833333333333333 0.517310252996005 0.823943661971831 0.51797603195739 0.654929577464789 0.484021304926764 0.657276995305164
0 0.534620505992011 0.835680751173709 0.53728362183755 0.877934272300469 0.532623169107856 0.887323943661972 0.532623169107856 0.913145539906103 0.533954727030626 0.934272300469483 0.536617842876165 0.955399061032864 0.535286284953395 0.992957746478873 0.575898801597869 0.995305164319249 0.577896138482024 0.964788732394366 0.576564580559254 0.938967136150235 0.5745672436751 0.913145539906103 0.571904127829561 0.892018779342723 0.567909454061252 0.873239436619718 0.563249001331558 0.877934272300469 0.561917443408788 0.838028169014085 0.568575233022637 0.838028169014085 0.570572569906791 0.650234741784038 0.536617842876165 0.652582159624413
0 0.735683089119386 0.84037558685446 0.735019973368842 0.868544600938967 0.733022636484687 0.889671361502347 0.727696404793609 0.89906103286385 0.725033288948069 0.901408450704225 0.721704394141145 0.927230046948357 0.72103861517976 0.953051643192488 0.72237017310253 0.976525821596244 0.7237017310253 0.992957746478873 0.75965379494008 0.992957746478873 0.761651131824234 0.962441314553991 0.76098535286285 0.929577464788732 0.763648468708389 0.906103286384977 0.75965379494008 0.875586854460094 0.754993342210386 0.856807511737089 0.754993342210386 0.833333333333333 0.764980026631158 0.828638497652582 0.770306258322237 0.654929577464789 0.74167776298269 0.657276995305164 0.737683089214381 0.814553990610329
0 0.788948069241012 0.835680751173709 0.788282290279627 0.863849765258216 0.787616511318242 0.887323943661972 0.783621837549933 0.892018779342723 0.77896138482024 0.901408450704225 0.775632490013316 0.922535211267606 0.774966711051931 0.946009389671361 0.775632490013316 0.971830985915493 0.776964047936085 0.992957746478873 0.811584553928096 0.995305164319249 0.81358189081225 0.967136150234742 0.814247669773635 0.938967136150235 0.815579227696405 0.910798122065728 0.814247669773635 0.889671361502347 0.810918774966711 0.880281690140845 0.806924101198402 0.875586854460094 0.806924101198402 0.845070422535211 0.810918774966711 0.823943661971831 0.81358189081225 0.821596244131455 0.821571238348868 0.647887323943662 0.794940079893475 0.647887323943662
0 0.838881491344874 0.828638497652582 0.838881491344874 0.86150234741784 0.836884154460719 0.884976525821596 0.830892143808256 0.894366197183099 0.826897470039947 0.901408450704225 0.824234354194407 0.917840375586854 0.824234354194407 0.938967136150235 0.826897470039947 0.955399061032864 0.828229027962716 0.971830985915493 0.826897470039947 0.992957746478873 0.864846870838881 0.992957746478873 0.864181091877497 0.955399061032864 0.866178428761651 0.927230046948357 0.863515312916112 0.894366197183099 0.861517976031957 0.868544600938967 0.857523302263648 0.849765258215962 0.854194407456724 0.838028169014085 0.855525965379494 0.823943661971831 0.861517976031957 0.823943661971831 0.864846870838881 0.821596244131455 0.870838881491345 0.650234741784038 0.844873501997337 0.645539906103286
0 0.772969374167776 0.187793427230047 0.773635153129161 0.147887323943662 0.773635153129161 0.105633802816901 0.772969374167776 0.0704225352112676 0.773635153129161 0.0375586854460094 0.772303595206392 0.00704225352112676 0.735685752330226 0.00234741784037559 0.735019973368842 0.039906103286385 0.735685752330226 0.0704225352112676 0.735019973368842 0.0938967136150235 0.735019973368842 0.124413145539906 0.736351531291611 0.145539906103286 0.736351531291611 0.171361502347418 0.746338215712384 0.18075117370892 0.749001331557923 0.192488262910798 0.745672436750999 0.424882629107981 0.773635153129161 0.427230046948357 0.776964047936085 0.223004694835681 0.770306258322237 0.223004694835681 0.768308921438083 0.190140845070423
0 0.826231691078562 0.164319248826291 0.827563249001331 0.124413145539906 0.827563249001331 0.0915492957746479 0.827563249001331 0.0563380281690141 0.825565912117177 0.0305164319248826 0.825565912117177 0.00469483568075117 0.789613848202397 0.00469483568075117 0.789613848202397 0.0375586854460094 0.791611185086551 0.068075117370892 0.790279627163782 0.10093896713615 0.790279627163782 0.122065727699531 0.788948069241012 0.154929577464789 0.791611185086551 0.169014084507042 0.797603195739015 0.183098591549296 0.799600532623169 0.199530516431925 0.800266311584554 0.223004694835681 0.79693741677763 0.424882629107981 0.827563249001331 0.42018779342723 0.828894806924101 0.232394366197183 0.820905459387483 0.225352112676056 0.818242343541944 0.197183098591549 0.820905459387483 0.171361502347418
0 0.87150466045273 0.15962441314554 0.87150466045273 0.122065727699531 0.87150466045273 0.0892018779342723 0.870838881491345 0.0539906103286385 0.869507323568575 0.0234741784037559 0.868175765645806 0 0.833555259653795 0.00234741784037559 0.83288948069241 0.0375586854460094 0.832223701731025 0.0657276995305164 0.83288948069241 0.0938967136150235 0.833555259653795 0.110328638497653 0.835552596537949 0.13849765258216 0.835552596537949 0.164319248826291 0.841544607190413 0.169014084507042 0.846870838881491 0.183098591549296 0.849533954727031 0.199530516431925 0.8508655126498 0.215962441314554 0.85219707057257 0.232394366197183 0.849533954727031 0.427230046948357 0.882157123834887 0.427230046948357 0.884154460719041 0.232394366197183 0.877496671105193 0.232394366197183 0.870838881491345 0.223004694835681 0.865512649800266 0.208920187793427 0.864846870838881 0.176056338028169
0 0.92676431424767 0.18075117370892 0.927430093209055 0.13849765258216 0.928761651131824 0.0938967136150235 0.928095872170439 0.0586854460093897 0.92676431424767 0.0352112676056338 0.922103861517976 0.00469483568075117 0.892143808255659 0.00469483568075117 0.890812250332889 0.0422535211267606 0.890812250332889 0.0774647887323944 0.891478029294274 0.105633802816901 0.890812250332889 0.140845070422535 0.88948069241012 0.169014084507042 0.895472703062583 0.178403755868545 0.902796271637816 0.187793427230047 0.90612516644474 0.211267605633803 0.902796271637816 0.424882629107981 0.931424766977364 0.429577464788732 0.934087882822903 0.230046948356808 0.926098535286285 0.227699530516432 0.918774966711052 0.204225352112676 0.918774966711052 0.190140845070423
0 0.978695073235686 0.18075117370892 0.978695073235686 0.136150234741784 0.978695073235686 0.0938967136150235 0.978695073235686 0.0633802816901408 0.977363515312916 0.039906103286385 0.976697736351531 0.00469483568075117 0.942077230359521 0.00234741784037559 0.940745672436751 0.0375586854460094 0.940745672436751 0.0633802816901408 0.940745672436751 0.10093896713615 0.940745672436751 0.131455399061033 0.941411451398136 0.157276995305164 0.940745672436751 0.18075117370892 0.950066577896139 0.183098591549296 0.958055925432756 0.190140845070423 0.958055925432756 0.220657276995305 0.954061251664447 0.434272300469484 0.984687083888149 0.429577464788732 0.989347536617843 0.21830985915493 0.980026631158455 0.215962441314554 0.973368841544607 0.215962441314554 0.971371504660453 0.187793427230047