0 0.0408719346049046 0.0249376558603491 0.0326975476839237 0.144638403990025 0.0395095367847411 0.349127182044888 0.0967302452316076 0.346633416458853 0.100817438692098 0.194513715710723 0.0899182561307902 0.122194513715711 0.0940054495912807 0.0174563591022444
0 0.122615803814714 0.0149625935162095 0.119891008174387 0.117206982543641 0.125340599455041 0.214463840399002 0.123978201634877 0.344139650872818 0.183923705722071 0.344139650872818 0.189373297002725 0.194513715710723 0.173024523160763 0.14713216957606 0.178474114441417 0.0124688279301746
0 0.212534059945504 0.00997506234413965 0.20708446866485 0.144638403990025 0.209809264305177 0.199501246882793 0.205722070844687 0.256857855361596 0.209809264305177 0.339152119700748 0.273841961852861 0.339152119700748 0.273841961852861 0.189526184538653 0.26566757493188 0.162094763092269 0.267029972752044 0.00748129675810474
0 0.294277929155313 0.0124688279301746 0.286103542234332 0.107231920199501 0.298365122615804 0.159600997506234 0.290190735694823 0.236907730673317 0.291553133514986 0.336658354114713 0.359673024523161 0.336658354114713 0.361035422343324 0.184538653366584 0.344686648501362 0.124688279301746 0.348773841961853 0.00249376558603491
0 0.371934604904632 0.00997506234413965 0.371934604904632 0.112219451371571 0.384196185286104 0.167082294264339 0.380108991825613 0.339152119700748 0.446866485013624 0.336658354114713 0.448228882833787 0.189526184538653 0.430517711171662 0.144638403990025 0.429155313351499 0.00748129675810474
0 0.460490463215259 0.00997506234413965 0.457765667574932 0.0997506234413965 0.46866485013624 0.162094763092269 0.464577656675749 0.241895261845387 0.471389645776567 0.331670822942643 0.532697547683924 0.331670822942643 0.53133514986376 0.172069825436409 0.519073569482289 0.139650872817955 0.513623978201635 0.00748129675810474
0 0.538147138964578 0.00997506234413965 0.542234332425068 0.104738154613466 0.557220708446867 0.149625935162095 0.55858310626703 0.244389027431421 0.55858310626703 0.326683291770574 0.626702997275204 0.321695760598504 0.623978201634877 0.204488778054863 0.599455040871935 0.114713216957606 0.596730245231608 0.00748129675810474
0 0.630790190735695 0.0199501246882793 0.628065395095368 0.114713216957606 0.64441416893733 0.13216957605985 0.649863760217984 0.316708229426434 0.708446866485014 0.316708229426434 0.711171662125341 0.174563591022444 0.692098092643052 0.109725685785536 0.690735694822888 0.0124688279301746
0 0.712534059945504 0.00997506234413965 0.715258855585831 0.0997506234413965 0.741144414168937 0.117206982543641 0.742506811989101 0.311720698254364 0.787465940054496 0.311720698254364 0.788828337874659 0.112219451371571 0.76566757493188 0.00748129675810474
0 0.810626702997275 0.0199501246882793 0.813351498637602 0.0822942643391521 0.828337874659401 0.129675810473815 0.828337874659401 0.316708229426434 0.880108991825613 0.319201995012469 0.88692098092643 0.129675810473815 0.869209809264305 0.0149625935162095
0 0.905994550408719 0.0249376558603491 0.9141689373297 0.0922693266832918 0.923705722070845 0.187032418952618 0.922343324250681 0.309226932668329 0.975476839237057 0.306733167082294 0.975476839237057 0.13216957605985 0.952316076294278 0.0224438902743142
0 0.0272479564032698 0.531172069825436 0.0912806539509537 0.533665835411471 0.0912806539509537 0.703241895261845 0.104904632152589 0.785536159600998 0.0980926430517711 0.890274314214464 0.106267029972752 0.992518703241895 0.0544959128065395 0.99501246882793 0.0381471389645777 0.835411471321696 0.0354223433242507 0.708229426433915 0.0231607629427793 0.683291770573566
0 0.11716621253406 0.531172069825436 0.182561307901907 0.543640897755611 0.178474114441417 0.713216957605985 0.162125340599455 0.735660847880299 0.171662125340599 0.85785536159601 0.17983651226158 0.985037406483791 0.126702997275204 0.977556109725686 0.115803814713896 0.750623441396509
0 0.20299727520436 0.528678304239401 0.26566757493188 0.531172069825436 0.272479564032698 0.663341645885287 0.260217983651226 0.733167082294264 0.260217983651226 0.8428927680798 0.269754768392371 0.977556109725686 0.201634877384196 0.977556109725686 0.192098092643052 0.8428927680798 0.20708446866485 0.740648379052369 0.192098092643052 0.675810473815461
0 0.286103542234332 0.531172069825436 0.354223433242507 0.531172069825436 0.354223433242507 0.703241895261845 0.350136239782016 0.785536159600998 0.346049046321526 0.980049875311721 0.283378746594005 0.965087281795511 0.277929155313351 0.713216957605985
0 0.377384196185286 0.528678304239401 0.44141689373297 0.526184538653367 0.440054495912807 0.708229426433915 0.438692098092643 0.758104738154613 0.434604904632153 0.85785536159601 0.433242506811989 0.977556109725686 0.363760217983651 0.985037406483791 0.366485013623978 0.680798004987531
0 0.460490463215259 0.528678304239401 0.535422343324251 0.528678304239401 0.529972752043597 0.713216957605985 0.528610354223433 0.758104738154613 0.535422343324251 0.972568578553616 0.459128065395095 0.980049875311721 0.461852861035422 0.708229426433915
0 0.550408719346049 0.523690773067332 0.615803814713896 0.531172069825436 0.615803814713896 0.71571072319202 0.615803814713896 0.795511221945137 0.62125340599455 0.970074812967581 0.553133514986376 0.962593516209476 0.551771117166213 0.755610972568579 0.544959128065395 0.670822942643391
0 0.73841961852861 0.543640897755611 0.802452316076294 0.541147132169576 0.775204359673025 0.70573566084788 0.775204359673025 0.773067331670823 0.787465940054496 0.773067331670823 0.784741144414169 0.972568578553616 0.717983651226158 0.967581047381546 0.727520435967303 0.735660847880299
0 0.831062670299727 0.531172069825436 0.884196185286104 0.536159600997506 0.874659400544959 0.730673316708229 0.88283378746594 0.977556109725686 0.816076294277929 0.975062344139651 0.817438692098093 0.743142144638404
0 0.923705722070845 0.533665835411471 0.970027247956403 0.528678304239401 0.964577656675749 0.728179551122194 0.967302452316076 0.982543640897756 0.91008174386921 0.985037406483791 0.908719346049046 0.648379052369077