1 0.603321033210332 0.299342105263158 0.638376383763838 0.305921052631579 0.637146371463715 0.345394736842105 0.646371463714637 0.356907894736842 0.64329643296433 0.366776315789474 0.638376383763838 0.366776315789474 0.633456334563346 0.385690789473684 0.629766297662977 0.403782894736842 0.619311193111931 0.405427631578947 0.614391143911439 0.393914473684211 0.611931119311193 0.387335526315789 0.613161131611316 0.369243421052632 0.605166051660517 0.370888157894737 0.597170971709717 0.346217105263158
1 0.392373923739237 0.290296052631579 0.397293972939729 0.323190789473684 0.38929889298893 0.327302631578947 0.396678966789668 0.362664473684211 0.404674046740467 0.368421052631579 0.410824108241082 0.375 0.412669126691267 0.384868421052632 0.421279212792128 0.384868421052632 0.423739237392374 0.377467105263158 0.429274292742927 0.374177631578947 0.433579335793358 0.355263157894737 0.44280442804428 0.353618421052632 0.434809348093481 0.279605263157895
1 0.915129151291513 0.0370065789473684 0.911439114391144 0.0649671052631579 0.888068880688807 0.0682565789473684 0.882533825338253 0.172697368421053 0.894218942189422 0.171052631578947 0.894218942189422 0.152960526315789 0.908364083640837 0.143914473684211 0.909594095940959 0.121710526315789 0.929274292742927 0.119243421052632 0.929889298892989 0.143914473684211 0.940344403444034 0.151315789473684 0.937884378843789 0.171875 0.959409594095941 0.194901315789474 0.968019680196802 0.0740131578947368 0.944034440344403 0.0715460526315789 0.94280442804428 0.0394736842105263
1 0.934809348093481 0.254111842105263 0.934809348093481 0.212171052631579 0.944649446494465 0.212993421052632 0.949569495694957 0.227796052631579 0.966789667896679 0.236019736842105 0.97109471094711 0.226973684210526 0.968634686346863 0.216282894736842 0.961254612546126 0.196546052631579 0.937884378843789 0.171052631578947 0.940959409594096 0.152138157894737 0.93050430504305 0.145559210526316 0.929274292742927 0.118421052631579 0.910824108241082 0.123355263157895 0.908979089790898 0.143092105263158 0.894833948339483 0.152138157894737 0.894833948339483 0.170230263157895 0.874538745387454 0.178453947368421 0.873923739237392 0.194901315789474 0.878843788437884 0.197368421052632 0.869618696186962 0.204769736842105 0.868388683886839 0.212993421052632 0.875768757687577 0.217927631578947 0.880073800738007 0.215460526315789 0.880688806888069 0.208881578947368 0.893603936039361 0.206414473684211 0.88929889298893 0.248355263157895 0.903444034440344 0.253289473684211 0.916974169741697 0.254111842105263
1 0.52029520295203 0.0139802631578947 0.522755227552276 0.0435855263157895 0.503690036900369 0.0460526315789474 0.5 0.116776315789474 0.509225092250923 0.116776315789474 0.507380073800738 0.0970394736842105 0.515375153751538 0.0871710526315789 0.530135301353014 0.0888157894736842 0.52890528905289 0.110197368421053 0.53690036900369 0.120065789473684 0.535055350553506 0.134868421052632 0.547970479704797 0.144736842105263 0.54920049200492 0.158717105263158 0.570110701107011 0.158717105263158 0.575645756457565 0.046875 0.557810578105781 0.046875 0.550430504305043 0.0402960526315789 0.548585485854859 0.0115131578947368
1 0.534440344403444 0.214638157894737 0.533210332103321 0.197368421052632 0.531980319803198 0.174342105263158 0.538130381303813 0.175164473684211 0.540590405904059 0.189967105263158 0.548585485854859 0.189967105263158 0.559040590405904 0.186677631578947 0.559040590405904 0.166940789473684 0.551045510455105 0.159539473684211 0.547355473554736 0.143914473684211 0.536285362853628 0.137335526315789 0.537515375153752 0.120065789473684 0.52890528905289 0.111019736842105 0.530750307503075 0.0904605263157895 0.515990159901599 0.0879934210526316 0.5079950799508 0.0962171052631579 0.509840098400984 0.115131578947368 0.500615006150061 0.115953947368421 0.5 0.129934210526316 0.492619926199262 0.138157894736842 0.47539975399754 0.145559210526316 0.472939729397294 0.155427631578947 0.477859778597786 0.161184210526316 0.47109471094711 0.166118421052632 0.47109471094711 0.179276315789474 0.485854858548586 0.180921052631579 0.491389913899139 0.172697368421053 0.496309963099631 0.172697368421053 0.491389913899139 0.212171052631579 0.504305043050431 0.212993421052632 0.520910209102091 0.216282894736842
1 0.166051660516605 0 0.164206642066421 0.0189144736842105 0.148831488314883 0.0197368421052632 0.146986469864699 0.0633223684210526 0.162361623616236 0.0641447368421053 0.162361623616236 0.0830592105263158 0.171586715867159 0.0912828947368421 0.173431734317343 0.107730263157895 0.182656826568266 0.115131578947368 0.183886838868389 0.132401315789474 0.207872078720787 0.134868421052632 0.214637146371464 0.0205592105263158 0.198031980319803 0.0189144736842105 0.190651906519065 0.0115131578947368 0.191881918819188 0.000822368421052632
1 0.170356703567036 0.179276315789474 0.171586715867159 0.154605263157895 0.183271832718327 0.133223684210526 0.182656826568266 0.115953947368421 0.174661746617466 0.110197368421053 0.172816728167282 0.0904605263157895 0.162361623616236 0.0838815789473684 0.163591635916359 0.0616776315789474 0.144526445264453 0.0616776315789474 0.14329643296433 0.0789473684210526 0.134071340713407 0.084703947368421 0.136531365313653 0.102796052631579 0.107626076260763 0.111019736842105 0.102706027060271 0.123355263157895 0.109471094710947 0.129111842105263 0.103321033210332 0.145559210526316 0.105166051660517 0.148848684210526 0.111931119311193 0.148848684210526 0.113161131611316 0.137335526315789 0.132841328413284 0.138157894736842 0.1309963099631 0.175164473684211 0.142066420664207 0.179276315789474 0.156826568265683 0.180921052631579
1 0.0448954489544895 0.833059210526316 0.0522755227552276 0.805098684210526 0.0707257072570726 0.802631578947368 0.0731857318573186 0.811677631578947 0.105781057810578 0.793585526315789 0.103321033210332 0.78125 0.0744157441574416 0.777138157894737 0.0762607626076261 0.757401315789474 0.0701107011070111 0.754934210526316 0.0694956949569496 0.727796052631579 0.0596555965559656 0.723684210526316 0.0522755227552276 0.727796052631579 0.0516605166051661 0.748355263157895 0.0424354243542435 0.75328947368421 0.0412054120541205 0.769736842105263 0.013530135301353 0.787828947368421 0.0141451414514145 0.796052631578947 0.025830258302583 0.793585526315789 0.018450184501845 0.828125
1 0.429889298892989 0.922697368421053 0.436654366543665 0.879111842105263 0.453259532595326 0.879934210526316 0.463714637146372 0.883223684210526 0.466789667896679 0.895559210526316 0.473554735547356 0.89391447368421 0.484624846248462 0.855263157894737 0.478474784747847 0.850328947368421 0.456949569495695 0.847039473684211 0.455719557195572 0.829769736842105 0.450184501845018 0.829769736842105 0.448339483394834 0.799342105263158 0.437269372693727 0.796875 0.428659286592866 0.799342105263158 0.424969249692497 0.826480263157895 0.418819188191882 0.829769736842105 0.396678966789668 0.860197368421053 0.391143911439114 0.884868421052632 0.396678966789668 0.884868421052632 0.399138991389914 0.876644736842105 0.413284132841328 0.875 0.40590405904059 0.889802631578947 0.400369003690037 0.912006578947368 0.399753997539975 0.923519736842105
1 0.869618696186962 0.995888157894737 0.870848708487085 0.972861842105263 0.874538745387454 0.972039473684211 0.886223862238622 0.990131578947368 0.904674046740467 0.959703947368421 0.896678966789668 0.941611842105263 0.880688806888069 0.936677631578947 0.880688806888069 0.921052631578947 0.872078720787208 0.912828947368421 0.870848708487085 0.886513157894737 0.863468634686347 0.879111842105263 0.851783517835178 0.879934210526316 0.842558425584256 0.883223684210526 0.841943419434194 0.909539473684211 0.831488314883149 0.912828947368421 0.830873308733087 0.924342105263158 0.824723247232472 0.926809210526316 0.809963099630996 0.948190789473684 0.802583025830258 0.961348684210526 0.806888068880689 0.967927631578947 0.810578105781058 0.967105263157895 0.814268142681427 0.960526315789474 0.838253382533825 0.962993421052632 0.838868388683887 0.996710526315789