1 0.802985074626866 0.171875 0.785074626865672 0.188322368421053 0.780099502487562 0.198190789473684 0.775124378109453 0.214638157894737 0.76318407960199 0.230263157894737 0.752238805970149 0.233552631578947 0.736318407960199 0.238486842105263 0.735323383084577 0.248355263157895 0.743283582089552 0.251644736842105 0.745273631840796 0.259046052631579 0.753233830845771 0.260690789473684 0.766169154228856 0.269736842105263 0.771144278606965 0.262335526315789 0.783084577114428 0.263157894736842 0.788059701492537 0.249177631578947 0.788059701492537 0.239309210526316 0.797014925373134 0.231085526315789 0.803980099502488 0.209703947368421 0.823880597014925 0.191611842105263
1 0.999004975124378 0.217105263157895 0.971144278606965 0.236019736842105 0.96318407960199 0.239309210526316 0.94726368159204 0.239309210526316 0.944278606965174 0.248355263157895 0.955223880597015 0.254111842105263 0.965174129353234 0.260690789473684 0.966169154228856 0.273848684210526 0.960199004975124 0.275493421052632 0.943283582089552 0.275493421052632 0.940298507462687 0.285361842105263 0.953233830845771 0.289473684210526 0.957213930348259 0.296052631578947 0.964179104477612 0.300986842105263 0.961194029850746 0.306743421052632 0.954228855721393 0.310032894736842 0.951243781094527 0.321546052631579 0.946268656716418 0.324013157894737 0.941293532338308 0.364309210526316 0.977114427860696 0.365131578947368 0.977114427860696 0.328947368421053 0.970149253731343 0.321546052631579 0.981094527363184 0.297697368421053 0.998009950248756 0.293585526315789
1 0.736318407960199 0.351973684210526 0.774129353233831 0.360197368421053 0.774129353233831 0.375 0.771144278606965 0.379934210526316 0.762189054726368 0.379934210526316 0.773134328358209 0.389802631578947 0.775124378109453 0.430921052631579 0.753233830845771 0.432565789473684 0.74726368159204 0.395559210526316 0.737313432835821 0.396381578947368 0.737313432835821 0.380756578947368 0.729353233830846 0.377467105263158 0.729353233830846 0.371710526315789 0.714427860696517 0.369243421052632 0.720398009950249 0.356085526315789
1 0.758208955223881 0.509868421052632 0.777114427860697 0.511513157894737 0.776119402985075 0.523848684210526 0.78407960199005 0.530427631578947 0.781094527363184 0.537828947368421 0.775124378109453 0.537828947368421 0.773134328358209 0.554276315789474 0.781094527363184 0.559210526315789 0.778109452736318 0.569901315789474 0.76318407960199 0.568256578947368 0.757213930348259 0.582236842105263 0.760199004975124 0.587171052631579 0.764179104477612 0.59375 0.76318407960199 0.631578947368421 0.738308457711443 0.631578947368421 0.739303482587065 0.595394736842105 0.746268656716418 0.576480263157895 0.754228855721393 0.569078947368421 0.732338308457711 0.563322368421053 0.735323383084577 0.551809210526316 0.754228855721393 0.551809210526316 0.755223880597015 0.539473684210526 0.738308457711443 0.532072368421053 0.740298507462687 0.525493421052632 0.757213930348259 0.521381578947368
1 0.624875621890547 0.496710526315789 0.612935323383085 0.513157894736842 0.605970149253731 0.539473684210526 0.597014925373134 0.540296052631579 0.583084577114428 0.541940789473684 0.583084577114428 0.551809210526316 0.597014925373134 0.555921052631579 0.592039800995025 0.571546052631579 0.605970149253731 0.573190789473684 0.607960199004975 0.558388157894737 0.617910447761194 0.558388157894737 0.62089552238806 0.544407894736842 0.625870646766169 0.536184210526316 0.627860696517413 0.523848684210526 0.641791044776119 0.509046052631579
1 0.575124378109453 0.635690789473684 0.602985074626866 0.638980263157895 0.598009950248756 0.660361842105263 0.6 0.670230263157895 0.595024875621891 0.691611842105263 0.578109452736318 0.6875 0.57910447761194 0.668585526315789 0.573134328358209 0.666118421052632 0.577114427860697 0.653782894736842 0.561194029850746 0.646381578947368 0.564179104477612 0.638157894736842
1 0.736318407960199 0.736842105263158 0.679601990049751 0.729440789473684 0.666666666666667 0.737664473684211 0.656716417910448 0.735197368421053 0.658706467661692 0.726973684210526 0.649751243781095 0.722039473684211 0.638805970149254 0.719572368421053 0.627860696517413 0.721217105263158 0.614925373134328 0.728618421052632 0.614925373134328 0.766447368421053 0.618905472636816 0.769736842105263 0.62089552238806 0.782072368421053 0.629850746268657 0.783717105263158 0.638805970149254 0.783717105263158 0.640796019900498 0.771381578947368 0.650746268656716 0.770559210526316 0.654726368159204 0.760690789473684 0.670646766169154 0.755756578947368 0.736318407960199 0.759868421052632
1 0.596019900497512 0.728618421052632 0.598009950248756 0.720394736842105 0.591044776119403 0.713815789473684 0.581094527363184 0.708881578947368 0.568159203980099 0.710526315789474 0.559203980099502 0.719572368421053 0.540298507462687 0.735197368421053 0.543283582089552 0.745888157894737 0.551243781094527 0.750822368421053 0.551243781094527 0.759868421052632 0.555223880597015 0.764802631578947 0.555223880597015 0.778782894736842 0.567164179104478 0.782072368421053 0.577114427860697 0.771381578947368 0.583084577114428 0.783717105263158 0.600995024875622 0.807565789473684 0.630845771144279 0.787828947368421 0.61592039800995 0.770559210526316 0.608955223880597 0.754111842105263
1 0.472636815920398 0.790296052631579 0.480597014925373 0.782072368421053 0.501492537313433 0.787006578947368 0.507462686567164 0.797697368421053 0.515422885572139 0.808388157894737 0.517412935323383 0.817434210526316 0.555223880597015 0.837993421052632 0.543283582089552 0.853618421052632 0.501492537313433 0.837171052631579 0.486567164179105 0.830592105263158 0.485572139303483 0.836348684210526 0.474626865671642 0.836348684210526 0.469651741293532 0.835526315789474 0.471641791044776 0.824835526315789 0.464676616915423 0.820723684210526 0.467661691542289 0.807565789473684
1 0.706467661691542 0.377467105263158 0.73134328358209 0.383223684210526 0.730348258706468 0.393092105263158 0.721393034825871 0.391447368421053 0.721393034825871 0.402960526315789 0.727363184079602 0.408717105263158 0.723383084577114 0.419407894736842 0.713432835820896 0.420230263157895 0.707462686567164 0.429276315789474 0.702487562189055 0.450657894736842 0.681592039800995 0.441611842105263 0.688557213930348 0.425986842105263 0.700497512437811 0.415296052631579 0.686567164179104 0.410361842105263 0.690547263681592 0.401315789473684 0.702487562189055 0.403782894736842 0.703482587064677 0.393914473684211 0.686567164179104 0.388980263157895 0.693532338308458 0.379934210526316
1 0.559203980099502 0.899671052631579 0.522388059701492 0.894736842105263 0.515422885572139 0.900493421052632 0.509452736318408 0.899671052631579 0.508457711442786 0.892269736842105 0.501492537313433 0.888157894736842 0.495522388059702 0.889802631578947 0.484577114427861 0.896381578947368 0.488557213930348 0.904605263157895 0.483582089552239 0.914473684210526 0.486567164179105 0.918585526315789 0.488557213930348 0.927631578947368 0.499502487562189 0.929276315789474 0.500497512437811 0.920230263157895 0.506467661691542 0.920230263157895 0.51044776119403 0.909539473684211 0.558208955223881 0.916940789473684