1 0.316285998013903 0.557885141294439 0.303872889771599 0.556973564266181 0.303872889771599 0.577939835916135 0.298907646474677 0.588878760255242 0.288977159880834 0.598906107566089 0.289970208540218 0.617137648131267 0.298411122144985 0.621695533272562 0.302383316782522 0.63081130355515 0.302879841112215 0.645396536007293 0.300397219463754 0.644484958979034 0.298411122144985 0.654512306289882 0.28798411122145 0.65542388331814 0.28798411122145 0.68003646308113 0.296921549155909 0.686417502278943 0.300397219463754 0.694621695533273 0.301390268123138 0.721969006381039 0.286494538232373 0.72926162260711 0.278053624627607 0.736554238833182 0.272095332671301 0.757520510483136 0.270605759682224 0.837739288969918 0.313803376365442 0.845031905195989 0.308341608738828 0.804010938924339 0.316782522343595 0.752051048313582
1 0.348560079443893 0.560619872379216 0.361469712015889 0.562443026435734 0.361469712015889 0.588878760255242 0.367428003972195 0.59799453053783 0.369414101290963 0.609845031905196 0.367924528301887 0.622607110300821 0.365938430983118 0.63081130355515 0.362462760675273 0.636280765724704 0.362959285004965 0.658158614402917 0.368917576961271 0.664539653600729 0.369910625620655 0.694621695533273 0.366931479642502 0.701914311759344 0.362462760675273 0.701914311759344 0.362959285004965 0.731996353691887 0.372393247269116 0.736554238833182 0.379841112214499 0.74567000911577 0.383813306852036 0.754785779398359 0.38480635551142 0.775752051048314 0.382323733862959 0.782133090246126 0.385302879841112 0.8359161349134 0.340615690168818 0.839562443026436 0.344091360476663 0.795806745670009 0.33862959285005 0.793072014585232 0.349553128103277 0.749316317228806
1 0.641509433962264 0.584320875113947 0.636544190665343 0.601640838650866 0.624131082423039 0.608933454876937 0.624131082423039 0.617137648131267 0.608738828202582 0.617137648131267 0.606752730883813 0.629899726526892 0.611221449851043 0.63901549680948 0.623634558093347 0.641750227894257 0.623138033763654 0.644484958979034 0.598311817279047 0.644484958979034 0.595829195630586 0.651777575205105 0.602284011916584 0.659981768459435 0.613207547169811 0.660893345487694 0.613704071499503 0.677301731996354 0.609235352532274 0.681859617137648 0.610228401191658 0.697356426618049 0.600297914597815 0.700091157702826 0.600794438927507 0.728350045578852 0.613704071499503 0.728350045578852 0.614200595829196 0.749316317228806 0.610228401191658 0.758432087511395 0.611221449851043 0.78669097538742 0.616186693147964 0.791248860528715 0.615690168818272 0.848678213309025 0.628103277060576 0.845031905195989 0.651936444885799 0.845031905195989 0.648957298907646 0.797629899726527 0.66137040714995 0.782133090246126 0.660873882820258 0.758432087511395 0.652432969215491 0.586144029170465
1 0.678748758689176 0.586144029170465 0.688679245283019 0.587967183226983 0.69116186693148 0.616226071103008 0.698609731876862 0.625341841385597 0.697120158887785 0.652689152233364 0.693147964250248 0.653600729261623 0.696127110228401 0.681859617137648 0.701092353525323 0.684594348222425 0.698609731876862 0.714676390154968 0.700099304865938 0.732907930720146 0.699106256206554 0.74567000911577 0.707547169811321 0.752051048313582 0.713505461767627 0.767547857793984 0.714001986097319 0.777575205104831 0.710526315789474 0.789425706472197 0.715988083416087 0.849589790337284 0.697616683217478 0.849589790337284 0.678252234359484 0.858705560619872 0.677259185700099 0.781221513217867 0.687189672293942 0.765724703737466
1 0.909632571996028 0.596171376481313 0.882820258192651 0.629899726526892 0.881827209533267 0.653600729261623 0.866931479642503 0.64721969006381 0.864945382323734 0.659070191431176 0.867428003972195 0.670920692798542 0.881330685203575 0.675478577939836 0.882820258192651 0.709206927985415 0.870407149950348 0.71285323609845 0.870407149950348 0.72926162260711 0.885302879841112 0.731084776663628 0.885799404170804 0.741112123974476 0.892254220456802 0.738377392889699 0.895729890764647 0.746581586144029 0.888282025819265 0.755697356426618 0.887785501489573 0.774840474020055 0.892750744786495 0.783044667274385 0.895729890764647 0.824977210574294 0.891261171797418 0.837739288969918 0.892254220456802 0.847766636280766 0.929493545183714 0.841385597082953 0.925521350546177 0.808568824065634 0.935948361469712 0.805834092980857 0.936941410129096 0.765724703737466 0.920059582919563 0.592525068368277
1 0.00099304865938431 0.633546034639927 0.0134061569016882 0.649954421148587 0.0134061569016882 0.666362807657247 0.0208540218470705 0.675478577939836 0.0228401191658391 0.689152233363719 0.019364448857994 0.708295350957156 0.012909632571996 0.709206927985415 0.012909632571996 0.726526891522334 0.0188679245283019 0.73746581586144 0.0213505461767627 0.749316317228806 0.019364448857994 0.773017319963537 0.0104270109235353 0.772105742935278 0.0109235352532274 0.793072014585232 0.0198609731876862 0.793983591613491 0.0268123138033764 0.802187784867821 0.0283018867924528 0.821330902461258 0.0273088381330685 0.849589790337284 0.00198609731876862 0.854147675478578 0.00297914597815293 0.825888787602552 0 0.807657247037375
1 0.604766633565045 0.665451230628988 0.585898709036743 0.665451230628988 0.588381330685204 0.685505925250684 0.575471698113208 0.685505925250684 0.576464746772592 0.702825888787603 0.587388282025819 0.703737465815862 0.587388282025819 0.742023701002735 0.577457795431976 0.74567000911577 0.57845084409136 0.764813126709207 0.596325719960278 0.769371011850501 0.595829195630586 0.789425706472197 0.590367428003972 0.802187784867821 0.591857000993049 0.832269826800365 0.592850049652433 0.853236098450319 0.587388282025819 0.864175022789426 0.588381330685204 0.89334548769371 0.599801390268123 0.88514129443938 0.614200595829196 0.883318140382862 0.615690168818272 0.791248860528715 0.611221449851043 0.788514129443938 0.609731876861966 0.758432087511395 0.614697120158888 0.750227894257065 0.613704071499503 0.728350045578852 0.601787487586892 0.726526891522334 0.600794438927507 0.69644484958979 0.606752730883813 0.69644484958979
1 0.580933465739821 0.707383773928897 0.566037735849057 0.707383773928897 0.564051638530288 0.718322698268004 0.568023833167825 0.724703737465816 0.572989076464747 0.723792160437557 0.572492552135055 0.728350045578852 0.556603773584906 0.727438468550593 0.557100297914598 0.743846855059253 0.572989076464747 0.74567000911577 0.572989076464747 0.764813126709207 0.567030784508441 0.766636280765725 0.566037735849057 0.780309936189608 0.55759682224429 0.789425706472197 0.560575968222443 0.804010938924339 0.572989076464747 0.805834092980857 0.584409136047666 0.81130355515041 0.58291956305859 0.817684594348222 0.572989076464747 0.821330902461258 0.568023833167825 0.8359161349134 0.569016881827209 0.906107566089335 0.580436941410129 0.899726526891522 0.588877855014896 0.900638103919781 0.586891757696127 0.89334548769371 0.586395233366435 0.863263445761167 0.592850049652433 0.853236098450319 0.591360476663356 0.831358249772106 0.588381330685204 0.801276207839562 0.595332671300894 0.788514129443938 0.596325719960278 0.769371011850501 0.577954319761668 0.763901549680948 0.576961271102284 0.74567000911577 0.587388282025819 0.740200546946217 0.586891757696127 0.70464904284412
1 0.855511420059583 0.672743846855059 0.856007944389275 0.691886964448496 0.843098311817279 0.692798541476755 0.842105263157895 0.711941659070191 0.857497517378352 0.71285323609845 0.856504468718967 0.748404740200547 0.845084409136048 0.749316317228806 0.846573982125124 0.766636280765725 0.862462760675273 0.766636280765725 0.862462760675273 0.790337283500456 0.857994041708044 0.810391978122151 0.861469712015889 0.834092980856882 0.86395233366435 0.845031905195989 0.862462760675273 0.878760255241568 0.874379344587885 0.874202370100274 0.893743793445879 0.875113947128532 0.889771598808342 0.836827711941659 0.895233366434955 0.824977210574294 0.892750744786495 0.783044667274385 0.887288977159881 0.776663628076573 0.887288977159881 0.754785779398359 0.895729890764647 0.74567000911577 0.891261171797418 0.736554238833182 0.885799404170804 0.740200546946217 0.88480635551142 0.731084776663628 0.870407149950348 0.72926162260711 0.87090367428004 0.713764813126709 0.883316782522343 0.711030082041933 0.882323733862959 0.674567000911577
1 0.836146971201589 0.71285323609845 0.826713008937438 0.720145852324521 0.828202581926514 0.733819507748405 0.815292949354518 0.736554238833182 0.816782522343595 0.751139471285324 0.828699106256206 0.751139471285324 0.831181727904667 0.755697356426618 0.838133068520357 0.758432087511395 0.836643495531281 0.768459434822243 0.830188679245283 0.773928896991796 0.830685203574975 0.783956244302644 0.817775571002979 0.789425706472197 0.82025819265144 0.804922515952598 0.83862959285005 0.807657247037375 0.84111221449851 0.821330902461258 0.832671300893744 0.839562443026436 0.832671300893744 0.854147675478578 0.836146971201589 0.872379216043756 0.836146971201589 0.907930720145852 0.846573982125124 0.908842297174111 0.862959285004965 0.910665451230629 0.861966236345581 0.878760255241568 0.863455809334657 0.847766636280766 0.859980139026812 0.833181403828623 0.857497517378352 0.812215132178669 0.862462760675273 0.791248860528715 0.863455809334657 0.766636280765725 0.846573982125124 0.768459434822243 0.84558093346574 0.750227894257065 0.857000993048659 0.750227894257065 0.857497517378352 0.711941659070191
1 0.942899702085402 0.597082953509572 0.954319761668322 0.597082953509572 0.957795431976167 0.626253418413856 0.961767626613704 0.634457611668186 0.96077457795432 0.650865998176846 0.963257199602781 0.68003646308113 0.966732869910625 0.690975387420237 0.968222442899702 0.710118505013674 0.965243296921549 0.714676390154968 0.971201588877855 0.74567000911577 0.979642502482622 0.762989972652689 0.979145978152929 0.780309936189608 0.983118172790467 0.821330902461258 0.951837140019861 0.833181403828623 0.946375372393247 0.775752051048314 0.959781529294935 0.764813126709207