0 0.0509505703422053 0.00328947368421053 0.0509505703422053 0.0246710526315789 0.0532319391634981 0.0501644736842105 0.0524714828897338 0.0748355263157895 0.0524714828897338 0.09375 0.0539923954372624 0.113486842105263 0.0570342205323194 0.127467105263158 0.0555133079847909 0.143092105263158 0.0486692015209126 0.153782894736842 0.04106463878327 0.166118421052632 0.04106463878327 0.178453947368421 0.0425855513307985 0.194078947368421 0.0486692015209126 0.201480263157895 0.0631178707224335 0.202302631578947 0.0844106463878327 0.205592105263158 0.0973384030418251 0.207236842105263 0.100380228136882 0.195723684210526 0.101901140684411 0.177631578947368 0.104182509505703 0.164473684210526 0.100380228136882 0.153782894736842 0.0935361216730038 0.148026315789474 0.0942965779467681 0.132401315789474 0.0950570342205323 0.119243421052632 0.100380228136882 0.111842105263158 0.100380228136882 0.0962171052631579 0.101140684410646 0.0748355263157895 0.0965779467680608 0.0518092105263158 0.0935361216730038 0.0246710526315789 0.0935361216730038 0.00904605263157895 0.0935361216730038 0.0024671052631579
0 0.15361216730038 0.0222039473684211 0.160456273764259 0.0337171052631579 0.165779467680608 0.0452302631578947 0.16958174904943 0.0575657894736842 0.172623574144487 0.0690789473684211 0.175665399239544 0.0789473684210526 0.178707224334601 0.0904605263157895 0.181749049429658 0.103618421052632 0.182509505703422 0.115131578947368 0.183269961977186 0.125 0.171102661596958 0.125822368421053 0.174904942965779 0.134046052631579 0.181749049429658 0.139802631578947 0.187832699619772 0.144736842105263 0.195437262357414 0.153782894736842 0.2 0.164473684210526 0.201520912547529 0.177631578947368 0.201520912547529 0.189967105263158 0.197718631178707 0.199835526315789 0.1893536121673 0.205592105263158 0.177946768060837 0.208059210526316 0.16425855513308 0.209703947368421 0.149809885931559 0.209703947368421 0.142965779467681 0.209703947368421 0.142965779467681 0.186677631578947 0.143726235741445 0.169407894736842 0.144486692015209 0.158717105263158 0.149049429657795 0.149671052631579 0.149049429657795 0.132401315789474 0.149049429657795 0.121710526315789 0.149049429657795 0.0995065789473684 0.149049429657795 0.0789473684210526 0.14828897338403 0.0608552631578947 0.146768060836502 0.0394736842105263
0 0.197718631178707 0.249177631578947 0.197718631178707 0.263157894736842 0.198479087452471 0.278782894736842 0.196958174904943 0.296052631578947 0.196958174904943 0.307565789473684 0.196197718631179 0.322368421052632 0.196958174904943 0.335526315789474 0.19467680608365 0.349506578947368 0.196958174904943 0.357730263157895 0.204562737642586 0.363486842105263 0.200760456273764 0.375 0.19467680608365 0.384868421052632 0.190874524714829 0.395559210526316 0.190874524714829 0.40625 0.190874524714829 0.413651315789474 0.193155893536122 0.426809210526316 0.196197718631179 0.436677631578947 0.202281368821293 0.441611842105263 0.213688212927757 0.444078947368421 0.225095057034221 0.444078947368421 0.236501901140684 0.442434210526316 0.247148288973384 0.438322368421053 0.255513307984791 0.428453947368421 0.260076045627376 0.416118421052632 0.261596958174905 0.400493421052632 0.255513307984791 0.388980263157895 0.247908745247148 0.381578947368421 0.24106463878327 0.375 0.240304182509506 0.359375 0.244106463878327 0.341282894736842 0.247148288973384 0.325657894736842 0.250190114068441 0.307565789473684 0.250190114068441 0.295230263157895 0.243346007604563 0.28125 0.23574144486692 0.273848684210526 0.23574144486692 0.259868421052632 0.237262357414449 0.247532894736842
0 0.303720577069096 0.231527093596059 0.302201974183751 0.246305418719212 0.301442672741078 0.270935960591133 0.302201974183751 0.301313628899836 0.302201974183751 0.327586206896552 0.302201974183751 0.338259441707718 0.305998481397115 0.348111658456486 0.305998481397115 0.357963875205255 0.300683371298405 0.366174055829228 0.297646165527715 0.376026272577997 0.283219438116932 0.386699507389163 0.281700835231587 0.403940886699507 0.279422930903569 0.421182266009852 0.285497342444951 0.440886699507389 0.301442672741078 0.444991789819376 0.321184510250569 0.444991789819376 0.334851936218679 0.444170771756979 0.349278663629461 0.432676518883415 0.355353075170843 0.415435139573071 0.355353075170843 0.399835796387521 0.348519362186788 0.38423645320197 0.341685649202733 0.367816091954023 0.341685649202733 0.357142857142857 0.351556567957479 0.35303776683087 0.356112376613516 0.330049261083744 0.357630979498861 0.30623973727422 0.355353075170843 0.276683087027915 0.353834472285497 0.248768472906404 0.350797266514806 0.238916256157635 0.343204252088079 0.230706075533662 0.321943811693242 0.22824302134647
0 0.754745634016705 0 0.750949126803341 0.0221674876847291 0.751708428246014 0.0435139573070608 0.752467729688686 0.0648604269293925 0.754745634016705 0.0821018062397373 0.760060744115414 0.0927750410509031 0.773728170083523 0.0952380952380952 0.780561883067578 0.104269293924466 0.780561883067578 0.120689655172414 0.779802581624905 0.140394088669951 0.780561883067578 0.155993431855501 0.780561883067578 0.175697865353038 0.782080485952923 0.195402298850575 0.783599088838269 0.205254515599343 0.794229309035687 0.20935960591133 0.802581624905087 0.207717569786535 0.809415337889142 0.204433497536946 0.817767653758542 0.199507389162562 0.822323462414579 0.183908045977012 0.817767653758542 0.166666666666667 0.813211845102506 0.148604269293924 0.807896735003796 0.13136288998358 0.801822323462414 0.120689655172414 0.806378132118451 0.11576354679803 0.814730447987851 0.105911330049261 0.818526955201215 0.0944170771756979 0.82004555808656 0.0779967159277504 0.818526955201215 0.0656814449917898 0.813971146545178 0.0476190476190476 0.807137433561124 0.0311986863711002 0.799544419134396 0.0106732348111658 0.791192103264996 0.00246305418719212
0 0.826879271070615 0.0262725779967159 0.831435079726651 0.0443349753694581 0.837509491268033 0.0599343185550082 0.841305998481397 0.0747126436781609 0.841305998481397 0.0862068965517241 0.84206529992407 0.0960591133004926 0.851936218678815 0.0935960591133005 0.861047835990888 0.0944170771756979 0.86712224753227 0.09688013136289 0.870159453302961 0.106732348111658 0.867881548974943 0.191297208538588 0.871678056188307 0.198686371100164 0.879271070615034 0.205254515599343 0.889901290812453 0.208538587848933 0.895975702353834 0.204433497536946 0.899012908124525 0.191297208538588 0.899012908124525 0.17816091954023 0.896735003796507 0.168308702791461 0.88914198936978 0.153530377668309 0.884586180713743 0.137110016420361 0.884586180713743 0.120689655172414 0.88914198936978 0.109195402298851 0.890660592255125 0.0927750410509031 0.890660592255125 0.0763546798029557 0.886864085041762 0.0591133004926108 0.878511769172361 0.0402298850574713 0.874715261958998 0.0279146141215107 0.867881548974943 0.0188834154351396 0.861047835990888 0.0106732348111658 0.851936218678815 0.00574712643678161 0.837509491268033 0.0139573070607553
0 0.0417615793470008 0.717569786535304 0.100987091875475 0.717569786535304 0.0987091875474563 0.792282430213465 0.0911161731207289 0.799671592775041 0.085041761579347 0.805418719211823 0.0971905846621109 0.80623973727422 0.10250569476082 0.810344827586207 0.103264996203493 0.839901477832512 0.100987091875475 0.874384236453202 0.100987091875475 0.902298850574713 0.100227790432802 0.93431855500821 0.0508731966590737 0.93431855500821 0.0470766894457099 0.911330049261084 0.0432801822323462 0.896551724137931 0.041002277904328 0.875205254515599 0.0394836750189825 0.85303776683087 0.0417615793470008 0.829228243021347 0.044039483675019 0.813628899835796 0.0478359908883827 0.802134646962233 0.0554290053151101 0.800492610837439 0.0501138952164009 0.787356321839081 0.0432801822323462 0.777504105090312
0 0.208807896735004 0.716748768472906 0.266514806378132 0.718390804597701 0.267274107820805 0.769293924466338 0.264996203492787 0.780788177339902 0.26044039483675 0.791461412151067 0.255125284738041 0.799671592775041 0.249810174639332 0.802955665024631 0.253606681852696 0.808702791461412 0.262718299164768 0.808702791461412 0.264996203492787 0.82512315270936 0.264236902050114 0.83743842364532 0.264236902050114 0.857963875205255 0.261199696279423 0.876026272577997 0.263477600607441 0.894088669950739 0.264236902050114 0.913793103448276 0.258162490508732 0.925287356321839 0.239179954441913 0.926108374384236 0.225512528473804 0.922824302134647 0.220956719817768 0.896551724137931 0.217919514047077 0.876847290640394 0.217919514047077 0.861247947454844 0.217160212604404 0.848932676518883 0.217160212604404 0.829228243021347 0.217919514047077 0.816091954022989 0.22171602126044 0.807881773399015 0.231586940015186 0.802134646962233 0.225512528473804 0.796387520525452 0.220197418375095 0.787356321839081 0.217160212604404 0.77832512315271 0.208807896735004 0.77504105090312
0 0.29081245254366 0.717569786535304 0.345482156416097 0.716748768472906 0.348519362186788 0.736453201970444 0.350037965072134 0.755336617405583 0.347000759301443 0.77175697865353 0.343963553530752 0.788177339901478 0.340167046317388 0.794745484400657 0.335611237661352 0.803776683087028 0.343963553530752 0.80623973727422 0.347760060744115 0.821018062397373 0.348519362186788 0.839080459770115 0.348519362186788 0.857963875205255 0.348519362186788 0.875205254515599 0.351556567957479 0.897372742200328 0.353834472285497 0.913793103448276 0.344722854973424 0.924466338259442 0.322703113135915 0.931855500821018 0.316628701594533 0.917898193760263 0.312832194381169 0.902298850574713 0.308276385725133 0.88423645320197 0.304479878511769 0.861247947454844 0.302961275626424 0.842364532019704 0.301442672741078 0.824302134646962 0.304479878511769 0.80952380952381 0.314350797266515 0.802955665024631 0.30751708428246 0.795566502463054 0.302961275626424 0.779146141215107 0.292331055429005 0.77832512315271
0 0.375094912680334 0.717569786535304 0.435079726651481 0.716748768472906 0.437357630979499 0.75944170771757 0.433561123766135 0.769293924466338 0.425968109339408 0.77504105090312 0.425968109339408 0.789819376026273 0.428246013667426 0.801313628899836 0.431283219438117 0.816912972085386 0.431283219438117 0.836617405582923 0.433561123766135 0.85303776683087 0.432801822323462 0.872742200328407 0.434320425208808 0.886699507389163 0.437357630979499 0.900656814449918 0.437357630979499 0.912151067323481 0.430523917995444 0.920361247947455 0.400151860288535 0.923645320197044 0.391799544419134 0.907224958949097 0.388003037205771 0.888341543513957 0.38496583143508 0.867816091954023 0.381928625664389 0.850574712643678 0.382687927107061 0.834154351395731 0.383447228549734 0.813628899835796 0.386484434320425 0.798850574712644 0.388003037205771 0.789819376026273 0.38496583143508 0.779967159277504 0.37661351556568 0.775862068965517
0 0.45709946848899 0.716748768472906 0.514806378132118 0.717569786535304 0.514047076689446 0.754515599343186 0.514047076689446 0.779146141215107 0.509491268033409 0.796387520525452 0.514806378132118 0.803776683087028 0.514047076689446 0.823481116584565 0.514047076689446 0.842364532019704 0.5125284738041 0.860426929392447 0.511769172361427 0.891625615763547 0.513287775246773 0.920361247947455 0.478359908883827 0.921182266009852 0.476082004555809 0.901477832512315 0.468488990129081 0.880131362889984 0.462414578587699 0.859605911330049 0.461655277145027 0.830870279146141 0.461655277145027 0.80952380952381 0.464692482915718 0.798850574712644 0.466211085801063 0.789819376026273 0.462414578587699 0.77832512315271
0 0.541381928625664 0.718390804597701 0.589217919514047 0.716748768472906 0.589217919514047 0.779146141215107 0.585421412300683 0.793103448275862 0.583902809415338 0.802955665024631 0.590736522399393 0.807060755336617 0.590736522399393 0.818555008210181 0.591495823842065 0.833333333333333 0.58997722095672 0.857142857142857 0.58997722095672 0.87192118226601 0.589217919514047 0.885057471264368 0.589217919514047 0.899014778325123 0.583902809415338 0.912972085385878 0.582384206529992 0.928571428571429 0.545178435839028 0.926108374384236 0.540622627182992 0.910509031198686 0.540622627182992 0.886699507389163 0.540622627182992 0.858784893267652 0.540622627182992 0.834154351395731 0.539863325740319 0.812807881773399 0.54290053151101 0.798850574712644 0.543659832953683 0.788998357963875
0 0.621867881548975 0.717569786535304 0.671981776765376 0.717569786535304 0.671981776765376 0.744663382594417 0.674259681093394 0.756978653530378 0.672741078208049 0.768472906403941 0.668185269552012 0.775862068965517 0.666666666666667 0.786535303776683 0.662870159453303 0.795566502463054 0.661351556567957 0.804597701149425 0.667425968109339 0.814449917898194 0.669703872437358 0.830049261083744 0.669703872437358 0.844827586206897 0.667425968109339 0.861247947454844 0.664388762338648 0.877668308702791 0.664388762338648 0.893267651888342 0.66211085801063 0.905582922824302 0.658314350797267 0.925287356321839 0.619589977220957 0.919540229885057 0.617312072892939 0.893267651888342 0.615793470007593 0.867816091954023 0.615793470007593 0.84072249589491 0.619589977220957 0.824302134646962 0.624145785876993 0.804597701149425 0.634776006074412 0.801313628899836 0.634776006074412 0.793103448275862 0.624905087319666 0.791461412151067
0 0.705391040242976 0.718390804597701 0.751708428246014 0.718390804597701 0.752467729688686 0.742200328407225 0.753986332574032 0.758620689655172 0.753227031131359 0.773399014778325 0.747152619589977 0.788998357963875 0.741837509491268 0.796387520525452 0.749430523917995 0.804597701149425 0.753986332574032 0.816091954022989 0.754745634016705 0.831691297208539 0.752467729688686 0.851395730706076 0.750949126803341 0.873563218390805 0.750949126803341 0.88752052545156 0.750189825360668 0.9064039408867 0.744874715261959 0.91871921182266 0.740318906605922 0.926929392446634 0.70918754745634 0.929392446633826 0.702353834472286 0.913793103448276 0.701594533029613 0.885057471264368 0.701594533029613 0.863711001642036 0.703113135914958 0.838259441707718 0.704631738800304 0.820197044334975 0.70918754745634 0.803776683087028 0.715261958997722 0.797208538587849 0.705391040242976 0.789819376026273
0 0.785117691723614 0.718390804597701 0.827638572513288 0.718390804597701 0.829916476841306 0.733169129720854 0.834472285497342 0.741379310344828 0.835231586940015 0.755336617405583 0.832194381169324 0.767651888341544 0.828397873955961 0.779146141215107 0.823842065299924 0.79064039408867 0.818526955201215 0.798029556650246 0.823842065299924 0.803776683087028 0.828397873955961 0.817733990147783 0.827638572513288 0.834154351395731 0.828397873955961 0.850574712643678 0.828397873955961 0.863711001642036 0.826119969627942 0.880952380952381 0.824601366742597 0.895730706075534 0.820804859529233 0.915435139573071 0.779802581624905 0.919540229885057 0.776765375854214 0.895730706075534 0.775246772968869 0.870279146141215 0.77296886864085 0.848932676518883 0.773728170083523 0.829228243021347 0.776765375854214 0.813628899835796 0.783599088838269 0.801313628899836 0.791192103264996 0.796387520525452 0.78663629460896 0.788998357963875
0 0.865603644646925 0.719211822660099 0.908883826879271 0.719211822660099 0.911161731207289 0.735632183908046 0.916476841305998 0.745484400656815 0.916476841305998 0.756978653530378 0.911921032649962 0.764367816091954 0.908883826879271 0.776683087027915 0.907365223993926 0.788998357963875 0.900531511009871 0.798029556650246 0.909643128321944 0.802955665024631 0.911921032649962 0.812807881773399 0.911921032649962 0.833333333333333 0.911161731207289 0.848932676518883 0.910402429764616 0.866995073891626 0.907365223993926 0.892446633825944 0.905087319665907 0.908866995073892 0.899012908124525 0.916256157635468 0.860288534548216 0.912151067323481 0.85876993166287 0.889983579638752 0.857251328777525 0.867816091954023 0.857251328777525 0.841543513957307 0.857251328777525 0.825944170771757 0.861047835990888 0.808702791461412 0.862566438876234 0.798850574712644 0.869400151860289 0.788177339901478
